0.000000000000000000e+00 0.000000000000000000e+00 4.358968231827020645e-03
0.000000000000000000e+00 2.004008041694760323e-03 4.329550545662641525e-03
0.000000000000000000e+00 4.008016083389520645e-03 4.298695363104343414e-03
0.000000000000000000e+00 6.012024357914924622e-03 4.268795251846313477e-03
0.000000000000000000e+00 8.016032166779041290e-03 4.236625973135232925e-03
0.000000000000000000e+00 1.002003997564315796e-02 4.205845762044191360e-03
0.000000000000000000e+00 1.202404871582984924e-02 4.176268354058265686e-03
0.000000000000000000e+00 1.402805652469396591e-02 4.142967052757740021e-03
0.000000000000000000e+00 1.603206433355808258e-02 4.111045971512794495e-03
0.000000000000000000e+00 1.803607307374477386e-02 4.079504404217004776e-03
0.000000000000000000e+00 2.004007995128631592e-02 4.047262016683816910e-03
0.000000000000000000e+00 2.204408869147300720e-02 4.017109517008066177e-03
0.000000000000000000e+00 2.404809743165969849e-02 3.984072711318731308e-03
0.000000000000000000e+00 2.605210430920124054e-02 3.953970503062009811e-03
0.000000000000000000e+00 2.805611304938793182e-02 3.919912502169609070e-03
0.000000000000000000e+00 3.006011992692947388e-02 3.889568615704774857e-03
0.000000000000000000e+00 3.206412866711616516e-02 3.858586773276329041e-03
0.000000000000000000e+00 3.406813740730285645e-02 3.826055442914366722e-03
0.000000000000000000e+00 3.607214614748954773e-02 3.796462668105959892e-03
0.000000000000000000e+00 3.807615116238594055e-02 3.765080124139785767e-03
0.000000000000000000e+00 4.008015990257263184e-02 3.735629143193364143e-03
0.000000000000000000e+00 4.208416864275932312e-02 3.706328803673386574e-03
0.000000000000000000e+00 4.408817738294601440e-02 3.676221007481217384e-03
0.000000000000000000e+00 4.609218612313270569e-02 3.648248733952641487e-03
0.000000000000000000e+00 4.809619486331939697e-02 3.619152354076504707e-03
0.000000000000000000e+00 5.010019987821578979e-02 3.592658322304487228e-03
0.000000000000000000e+00 5.210420861840248108e-02 3.564965445548295975e-03
0.000000000000000000e+00 5.410821735858917236e-02 3.539741039276123047e-03
0.000000000000000000e+00 5.611222609877586365e-02 3.514292882755398750e-03
0.000000000000000000e+00 5.811623483896255493e-02 3.491152310743927956e-03
0.000000000000000000e+00 6.012023985385894775e-02 3.468120237812399864e-03
0.000000000000000000e+00 6.212424859404563904e-02 3.444094210863113403e-03
0.000000000000000000e+00 6.412825733423233032e-02 3.422371577471494675e-03
0.000000000000000000e+00 6.613226234912872314e-02 3.401373745873570442e-03
0.000000000000000000e+00 6.813627481460571289e-02 3.382415045052766800e-03
0.000000000000000000e+00 7.014027982950210571e-02 3.364614676684141159e-03
0.000000000000000000e+00 7.214429229497909546e-02 3.347236895933747292e-03
0.000000000000000000e+00 7.414829730987548828e-02 3.330352483317255974e-03
0.000000000000000000e+00 7.615230232477188110e-02 3.317233175039291382e-03
0.000000000000000000e+00 7.815631479024887085e-02 3.304396290332078934e-03
0.000000000000000000e+00 8.016031980514526367e-02 3.291626693680882454e-03
0.000000000000000000e+00 8.216433227062225342e-02 3.281361656263470650e-03
0.000000000000000000e+00 8.416833728551864624e-02 3.271254710853099823e-03
0.000000000000000000e+00 8.617234230041503906e-02 3.261700505390763283e-03
0.000000000000000000e+00 8.817635476589202881e-02 3.255286253988742828e-03
0.000000000000000000e+00 9.018035978078842163e-02 3.248486435040831566e-03
0.000000000000000000e+00 9.218437224626541138e-02 3.244554158300161362e-03
0.000000000000000000e+00 9.418837726116180420e-02 3.241068683564662933e-03
0.000000000000000000e+00 9.619238972663879395e-02 3.239285200834274292e-03
0.000000000000000000e+00 9.819639474153518677e-02 3.237338969483971596e-03
0.000000000000000000e+00 1.002003997564315796e-01 3.238417673856019974e-03
0.000000000000000000e+00 1.022044122219085693e-01 3.240295685827732086e-03
0.000000000000000000e+00 1.042084172368049622e-01 3.242677077651023865e-03
0.000000000000000000e+00 1.062124297022819519e-01 3.248047316446900368e-03
0.000000000000000000e+00 1.082164347171783447e-01 3.252776805311441422e-03
0.000000000000000000e+00 1.102204397320747375e-01 3.260698635131120682e-03
0.000000000000000000e+00 1.122244521975517273e-01 3.267040709033608437e-03
0.000000000000000000e+00 1.142284572124481201e-01 3.276597708463668823e-03
0.000000000000000000e+00 1.162324696779251099e-01 3.283611033111810684e-03
0.000000000000000000e+00 1.182364746928215027e-01 3.296518931165337563e-03
0.000000000000000000e+00 1.202404797077178955e-01 3.306033555418252945e-03
0.000000000000000000e+00 1.222444921731948853e-01 3.319016890600323677e-03
0.000000000000000000e+00 1.242484971880912781e-01 3.331952262669801712e-03
0.000000000000000000e+00 1.262525022029876709e-01 3.346621990203857422e-03
0.000000000000000000e+00 1.282565146684646606e-01 3.359733149409294128e-03
0.000000000000000000e+00 1.302605271339416504e-01 3.374794265255331993e-03
0.000000000000000000e+00 1.322645246982574463e-01 3.392352256923913956e-03
0.000000000000000000e+00 1.342685371637344360e-01 3.407352138310670853e-03
0.000000000000000000e+00 1.362725496292114258e-01 3.424619091674685478e-03
0.000000000000000000e+00 1.382765620946884155e-01 3.443002933636307716e-03
0.000000000000000000e+00 1.402805596590042114e-01 3.463287139311432838e-03
0.000000000000000000e+00 1.422845721244812012e-01 3.479958279058337212e-03
0.000000000000000000e+00 1.442885845899581909e-01 3.498351667076349258e-03
0.000000000000000000e+00 1.462925821542739868e-01 3.515703836455941200e-03
0.000000000000000000e+00 1.482965946197509766e-01 3.536497708410024643e-03
0.000000000000000000e+00 1.503006070852279663e-01 3.554554423317313194e-03
0.000000000000000000e+00 1.523046046495437622e-01 3.575375769287347794e-03
0.000000000000000000e+00 1.543086171150207520e-01 3.595369635149836540e-03
0.000000000000000000e+00 1.563126295804977417e-01 3.613734850659966469e-03
0.000000000000000000e+00 1.583166420459747314e-01 3.632242791354656219e-03
0.000000000000000000e+00 1.603206396102905273e-01 3.652448533102869987e-03
0.000000000000000000e+00 1.623246520757675171e-01 3.670319216325879097e-03
0.000000000000000000e+00 1.643286645412445068e-01 3.690522396937012672e-03
0.000000000000000000e+00 1.663326621055603027e-01 3.711705096065998077e-03
0.000000000000000000e+00 1.683366745710372925e-01 3.728736890479922295e-03
0.000000000000000000e+00 1.703406870365142822e-01 3.748712362721562386e-03
0.000000000000000000e+00 1.723446846008300781e-01 3.767515998333692551e-03
0.000000000000000000e+00 1.743486970663070679e-01 3.786511253565549850e-03
0.000000000000000000e+00 1.763527095317840576e-01 3.801246872171759605e-03
0.000000000000000000e+00 1.783567219972610474e-01 3.818861674517393112e-03
0.000000000000000000e+00 1.803607195615768433e-01 3.834334667772054672e-03
0.000000000000000000e+00 1.823647320270538330e-01 3.850551089271903038e-03
0.000000000000000000e+00 1.843687444925308228e-01 3.869829233735799789e-03
0.000000000000000000e+00 1.863727420568466187e-01 3.884154139086604118e-03
0.000000000000000000e+00 1.883767545223236084e-01 3.899484407156705856e-03
0.000000000000000000e+00 1.903807669878005981e-01 3.910778090357780457e-03
0.000000000000000000e+00 1.923847794532775879e-01 3.926201257854700089e-03
0.000000000000000000e+00 1.943887770175933838e-01 3.938502166420221329e-03
0.000000000000000000e+00 1.963927894830703735e-01 3.949610050767660141e-03
0.000000000000000000e+00 1.983968019485473633e-01 3.959699533879756927e-03
0.000000000000000000e+00 2.004007995128631592e-01 3.970251884311437607e-03
0.000000000000000000e+00 2.024048119783401489e-01 3.980391658842563629e-03
0.000000000000000000e+00 2.044088244438171387e-01 3.989642485976219177e-03
0.000000000000000000e+00 2.064128220081329346e-01 3.997933585196733475e-03
0.000000000000000000e+00 2.084168344736099243e-01 4.003137815743684769e-03
0.000000000000000000e+00 2.104208469390869141e-01 4.008827265352010727e-03
0.000000000000000000e+00 2.124248594045639038e-01 4.013953264802694321e-03
0.000000000000000000e+00 2.144288569688796997e-01 4.019148647785186768e-03
0.000000000000000000e+00 2.164328694343566895e-01 4.021223634481430054e-03
0.000000000000000000e+00 2.184368818998336792e-01 4.024372901767492294e-03
0.000000000000000000e+00 2.204408794641494751e-01 4.025758244097232819e-03
0.000000000000000000e+00 2.224448919296264648e-01 4.024327266961336136e-03
0.000000000000000000e+00 2.244489043951034546e-01 4.023434128612279892e-03
0.000000000000000000e+00 2.264529019594192505e-01 4.018994513899087906e-03
0.000000000000000000e+00 2.284569144248962402e-01 4.017504863440990448e-03
0.000000000000000000e+00 2.304609268903732300e-01 4.013001453131437302e-03
0.000000000000000000e+00 2.324649393558502197e-01 4.007908515632152557e-03
0.000000000000000000e+00 2.344689369201660156e-01 3.999629989266395569e-03
0.000000000000000000e+00 2.364729493856430054e-01 3.991463687270879745e-03
0.000000000000000000e+00 2.384769618511199951e-01 3.980934154242277145e-03
0.000000000000000000e+00 2.404809594154357910e-01 3.970239777117967606e-03
0.000000000000000000e+00 2.424849718809127808e-01 3.960428759455680847e-03
0.000000000000000000e+00 2.444889843463897705e-01 3.947068471461534500e-03
0.000000000000000000e+00 2.464929819107055664e-01 3.931422717869281769e-03
0.000000000000000000e+00 2.484969943761825562e-01 3.915554378181695938e-03
0.000000000000000000e+00 2.505010068416595459e-01 3.898447612300515175e-03
0.000000000000000000e+00 2.525050044059753418e-01 3.881092648953199387e-03
0.000000000000000000e+00 2.545090317726135254e-01 3.859739750623703003e-03
0.000000000000000000e+00 2.565130293369293213e-01 3.841048805043101311e-03
0.000000000000000000e+00 2.585170269012451172e-01 3.817623248323798180e-03
0.000000000000000000e+00 2.605210542678833008e-01 3.796291304752230644e-03
0.000000000000000000e+00 2.625250518321990967e-01 3.769516479223966599e-03
0.000000000000000000e+00 2.645290493965148926e-01 3.743680659681558609e-03
0.000000000000000000e+00 2.665330767631530762e-01 3.715982427820563316e-03
0.000000000000000000e+00 2.685370743274688721e-01 3.687499789521098137e-03
0.000000000000000000e+00 2.705410718917846680e-01 3.654937958344817162e-03
0.000000000000000000e+00 2.725450992584228516e-01 3.623470431193709373e-03
0.000000000000000000e+00 2.745490968227386475e-01 3.591035492718219757e-03
0.000000000000000000e+00 2.765531241893768311e-01 3.556129755452275276e-03
0.000000000000000000e+00 2.785571217536926270e-01 3.521593287587165833e-03
0.000000000000000000e+00 2.805611193180084229e-01 3.485027700662612915e-03
0.000000000000000000e+00 2.825651466846466064e-01 3.445257665589451790e-03
0.000000000000000000e+00 2.845691442489624023e-01 3.406093688681721687e-03
0.000000000000000000e+00 2.865731418132781982e-01 3.362694289535284042e-03
0.000000000000000000e+00 2.885771691799163818e-01 3.322413424029946327e-03
0.000000000000000000e+00 2.905811667442321777e-01 3.277626819908618927e-03
0.000000000000000000e+00 2.925851643085479736e-01 3.232937306165695190e-03
0.000000000000000000e+00 2.945891916751861572e-01 3.186092246323823929e-03
0.000000000000000000e+00 2.965931892395019531e-01 3.138848114758729935e-03
0.000000000000000000e+00 2.985971868038177490e-01 3.089045407250523567e-03
0.000000000000000000e+00 3.006012141704559326e-01 3.036893671378493309e-03
0.000000000000000000e+00 3.026052117347717285e-01 2.986484207212924957e-03
0.000000000000000000e+00 3.046092092990875244e-01 2.932518953457474709e-03
0.000000000000000000e+00 3.066132366657257080e-01 2.878032624721527100e-03
0.000000000000000000e+00 3.086172342300415039e-01 2.822380745783448219e-03
0.000000000000000000e+00 3.106212317943572998e-01 2.763538854196667671e-03
0.000000000000000000e+00 3.126252591609954834e-01 2.706112572923302650e-03
0.000000000000000000e+00 3.146292567253112793e-01 2.647168235853314400e-03
0.000000000000000000e+00 3.166332840919494629e-01 2.587396884337067604e-03
0.000000000000000000e+00 3.186372816562652588e-01 2.524302806705236435e-03
0.000000000000000000e+00 3.206412792205810547e-01 2.459184732288122177e-03
0.000000000000000000e+00 3.226453065872192383e-01 2.395414980128407478e-03
0.000000000000000000e+00 3.246493041515350342e-01 2.331519732251763344e-03
0.000000000000000000e+00 3.266533017158508301e-01 2.263293135911226273e-03
0.000000000000000000e+00 3.286573290824890137e-01 2.196521032601594925e-03
0.000000000000000000e+00 3.306613266468048096e-01 2.128157299011945724e-03
0.000000000000000000e+00 3.326653242111206055e-01 2.057551871985197067e-03
0.000000000000000000e+00 3.346693515777587891e-01 1.986969029530882835e-03
0.000000000000000000e+00 3.366733491420745850e-01 1.917327055707573891e-03
0.000000000000000000e+00 3.386773467063903809e-01 1.844129874370992184e-03
0.000000000000000000e+00 3.406813740730285645e-01 1.768959220498800278e-03
0.000000000000000000e+00 3.426853716373443604e-01 1.693079131655395031e-03
0.000000000000000000e+00 3.446893692016601562e-01 1.618737122043967247e-03
0.000000000000000000e+00 3.466933965682983398e-01 1.543157151900231838e-03
0.000000000000000000e+00 3.486973941326141357e-01 1.465818844735622406e-03
0.000000000000000000e+00 3.507014214992523193e-01 1.388275879435241222e-03
0.000000000000000000e+00 3.527054190635681152e-01 1.308622886426746845e-03
0.000000000000000000e+00 3.547094166278839111e-01 1.227867440320551395e-03
0.000000000000000000e+00 3.567134439945220947e-01 1.148922834545373917e-03
0.000000000000000000e+00 3.587174415588378906e-01 1.068462966941297054e-03
0.000000000000000000e+00 3.607214391231536865e-01 9.871016955003142357e-04
0.000000000000000000e+00 3.627254664897918701e-01 9.031837107613682747e-04
0.000000000000000000e+00 3.647294640541076660e-01 8.217105641961097717e-04
0.000000000000000000e+00 3.667334616184234619e-01 7.411003462038934231e-04
0.000000000000000000e+00 3.687374889850616455e-01 6.584193906746804714e-04
0.000000000000000000e+00 3.707414865493774414e-01 5.715294973924756050e-04
0.000000000000000000e+00 3.727454841136932373e-01 4.911613068543374538e-04
0.000000000000000000e+00 3.747495114803314209e-01 4.096024786122143269e-04
0.000000000000000000e+00 3.767535090446472168e-01 3.288658626843243837e-04
0.000000000000000000e+00 3.787575066089630127e-01 2.531297213863581419e-04
0.000000000000000000e+00 3.807615339756011963e-01 1.821836485760286450e-04
0.000000000000000000e+00 3.827655315399169922e-01 1.359664602205157280e-04
0.000000000000000000e+00 3.847695589065551758e-01 1.380404428346082568e-04
0.000000000000000000e+00 3.867735564708709717e-01 1.847077801357954741e-04
0.000000000000000000e+00 3.887775540351867676e-01 2.556875406298786402e-04
0.000000000000000000e+00 3.907815814018249512e-01 3.335207584314048290e-04
0.000000000000000000e+00 3.927855789661407471e-01 4.164947022218257189e-04
0.000000000000000000e+00 3.947895765304565430e-01 5.000194068998098373e-04
0.000000000000000000e+00 3.967936038970947266e-01 5.848134169355034828e-04
0.000000000000000000e+00 3.987976014614105225e-01 6.719313096255064011e-04
0.000000000000000000e+00 4.008015990257263184e-01 7.564903353340923786e-04
0.000000000000000000e+00 4.028056263923645020e-01 8.403754327446222305e-04
0.000000000000000000e+00 4.048096239566802979e-01 9.290557936765253544e-04
0.000000000000000000e+00 4.068136215209960938e-01 1.015178393572568893e-03
0.000000000000000000e+00 4.088176488876342773e-01 1.101177418604493141e-03
0.000000000000000000e+00 4.108216464519500732e-01 1.187467598356306553e-03
0.000000000000000000e+00 4.128256440162658691e-01 1.273698988370597363e-03
0.000000000000000000e+00 4.148296713829040527e-01 1.359145040623843670e-03
0.000000000000000000e+00 4.168336689472198486e-01 1.443839515559375286e-03
0.000000000000000000e+00 4.188376665115356445e-01 1.527116051875054836e-03
0.000000000000000000e+00 4.208416938781738281e-01 1.611699350178241730e-03
0.000000000000000000e+00 4.228456914424896240e-01 1.695348648354411125e-03
0.000000000000000000e+00 4.248497188091278076e-01 1.776983030140399933e-03
0.000000000000000000e+00 4.268537163734436035e-01 1.859582262113690376e-03
0.000000000000000000e+00 4.288577139377593994e-01 1.942426082678139210e-03
0.000000000000000000e+00 4.308617413043975830e-01 2.023250330239534378e-03
0.000000000000000000e+00 4.328657388687133789e-01 2.102890051901340485e-03
0.000000000000000000e+00 4.348697364330291748e-01 2.181566553190350533e-03
0.000000000000000000e+00 4.368737637996673584e-01 2.260490087792277336e-03
0.000000000000000000e+00 4.388777613639831543e-01 2.338575199246406555e-03
0.000000000000000000e+00 4.408817589282989502e-01 2.414991380646824837e-03
0.000000000000000000e+00 4.428857862949371338e-01 2.489612204954028130e-03
0.000000000000000000e+00 4.448897838592529297e-01 2.564365277066826820e-03
0.000000000000000000e+00 4.468937814235687256e-01 2.638876903802156448e-03
0.000000000000000000e+00 4.488978087902069092e-01 2.714218571782112122e-03
0.000000000000000000e+00 4.509018063545227051e-01 2.783943200483918190e-03
0.000000000000000000e+00 4.529058039188385010e-01 2.853203332051634789e-03
0.000000000000000000e+00 4.549098312854766846e-01 2.924844389781355858e-03
0.000000000000000000e+00 4.569138288497924805e-01 2.989096567034721375e-03
0.000000000000000000e+00 4.589178562164306641e-01 3.057992318645119667e-03
0.000000000000000000e+00 4.609218537807464600e-01 3.123434958979487419e-03
0.000000000000000000e+00 4.629258513450622559e-01 3.186732763424515724e-03
0.000000000000000000e+00 4.649298787117004395e-01 3.249675035476684570e-03
0.000000000000000000e+00 4.669338762760162354e-01 3.312262240797281265e-03
0.000000000000000000e+00 4.689378738403320312e-01 3.372230334207415581e-03
0.000000000000000000e+00 4.709419012069702148e-01 3.431133227422833443e-03
0.000000000000000000e+00 4.729458987712860107e-01 3.489914117380976677e-03
0.000000000000000000e+00 4.749498963356018066e-01 3.543705912306904793e-03
0.000000000000000000e+00 4.769539237022399902e-01 3.598198061808943748e-03
0.000000000000000000e+00 4.789579212665557861e-01 3.648313460871577263e-03
0.000000000000000000e+00 4.809619188308715820e-01 3.700328525155782700e-03
0.000000000000000000e+00 4.829659461975097656e-01 3.749140072613954544e-03
0.000000000000000000e+00 4.849699437618255615e-01 3.795717610046267509e-03
0.000000000000000000e+00 4.869739413261413574e-01 3.842533100396394730e-03
0.000000000000000000e+00 4.889779686927795410e-01 3.884932957589626312e-03
0.000000000000000000e+00 4.909819662570953369e-01 3.928403835743665695e-03
0.000000000000000000e+00 4.929859638214111328e-01 3.965981770306825638e-03
0.000000000000000000e+00 4.949899911880493164e-01 4.006654024124145508e-03
0.000000000000000000e+00 4.969939887523651123e-01 4.044282250106334686e-03
0.000000000000000000e+00 4.989980161190032959e-01 4.079402890056371689e-03
0.000000000000000000e+00 5.010019540786743164e-01 4.113120958209037781e-03
0.000000000000000000e+00 5.030059814453125000e-01 4.143678583204746246e-03
0.000000000000000000e+00 5.050100088119506836e-01 4.173648077994585037e-03
0.000000000000000000e+00 5.070140361785888672e-01 4.201461095362901688e-03
0.000000000000000000e+00 5.090180635452270508e-01 4.225544631481170654e-03
0.000000000000000000e+00 5.110220313072204590e-01 4.249342717230319977e-03
0.000000000000000000e+00 5.130260586738586426e-01 4.271321464329957962e-03
0.000000000000000000e+00 5.150300264358520508e-01 4.290061537176370621e-03
0.000000000000000000e+00 5.170340538024902344e-01 4.307512193918228149e-03
0.000000000000000000e+00 5.190380811691284180e-01 4.323949106037616730e-03
0.000000000000000000e+00 5.210421085357666016e-01 4.338084720075130463e-03
0.000000000000000000e+00 5.230460762977600098e-01 4.348641727119684219e-03
0.000000000000000000e+00 5.250501036643981934e-01 4.358214791864156723e-03
0.000000000000000000e+00 5.270540714263916016e-01 4.366728477180004120e-03
0.000000000000000000e+00 5.290580987930297852e-01 4.371354356408119202e-03
0.000000000000000000e+00 5.310621261596679688e-01 4.377628210932016373e-03
0.000000000000000000e+00 5.330661535263061523e-01 4.377082455903291702e-03
0.000000000000000000e+00 5.350701212882995605e-01 4.377196077257394791e-03
0.000000000000000000e+00 5.370741486549377441e-01 4.373123403638601303e-03
0.000000000000000000e+00 5.390781164169311523e-01 4.368611611425876617e-03
0.000000000000000000e+00 5.410821437835693359e-01 4.363444168120622635e-03
0.000000000000000000e+00 5.430861711502075195e-01 4.353420808911323547e-03
0.000000000000000000e+00 5.450901985168457031e-01 4.343272652477025986e-03
0.000000000000000000e+00 5.470942258834838867e-01 4.328066483139991760e-03
0.000000000000000000e+00 5.490981936454772949e-01 4.310477524995803833e-03
0.000000000000000000e+00 5.511021614074707031e-01 4.293710459023714066e-03
0.000000000000000000e+00 5.531061887741088867e-01 4.274273291230201721e-03
0.000000000000000000e+00 5.551102161407470703e-01 4.254209343343973160e-03
0.000000000000000000e+00 5.571142435073852539e-01 4.227900411933660507e-03
0.000000000000000000e+00 5.591182708740234375e-01 4.202505573630332947e-03
0.000000000000000000e+00 5.611222386360168457e-01 4.176397342234849930e-03
0.000000000000000000e+00 5.631262063980102539e-01 4.145158454775810242e-03
0.000000000000000000e+00 5.651302337646484375e-01 4.113718867301940918e-03
0.000000000000000000e+00 5.671342611312866211e-01 4.080482758581638336e-03
0.000000000000000000e+00 5.691382884979248047e-01 4.043648019433021545e-03
0.000000000000000000e+00 5.711423158645629883e-01 4.005338996648788452e-03
0.000000000000000000e+00 5.731462836265563965e-01 3.966014366596937180e-03
0.000000000000000000e+00 5.751502513885498047e-01 3.923286683857440948e-03
0.000000000000000000e+00 5.771542787551879883e-01 3.879867028445005417e-03
0.000000000000000000e+00 5.791583061218261719e-01 3.833764465525746346e-03
0.000000000000000000e+00 5.811623334884643555e-01 3.785897511988878250e-03
0.000000000000000000e+00 5.831663608551025391e-01 3.736278740689158440e-03
0.000000000000000000e+00 5.851703286170959473e-01 3.683598013594746590e-03
0.000000000000000000e+00 5.871743559837341309e-01 3.632692154496908188e-03
0.000000000000000000e+00 5.891783237457275391e-01 3.575818846002221107e-03
0.000000000000000000e+00 5.911823511123657227e-01 3.521619830280542374e-03
0.000000000000000000e+00 5.931863784790039062e-01 3.463349305093288422e-03
0.000000000000000000e+00 5.951904058456420898e-01 3.402425441890954971e-03
0.000000000000000000e+00 5.971943736076354980e-01 3.343773307278752327e-03
0.000000000000000000e+00 5.991984009742736816e-01 3.280027536675333977e-03
0.000000000000000000e+00 6.012023687362670898e-01 3.217150690034031868e-03
0.000000000000000000e+00 6.032063961029052734e-01 3.151789074763655663e-03
0.000000000000000000e+00 6.052104234695434570e-01 3.083297749981284142e-03
0.000000000000000000e+00 6.072144508361816406e-01 3.014711197465658188e-03
0.000000000000000000e+00 6.092184185981750488e-01 2.947898348793387413e-03
0.000000000000000000e+00 6.112224459648132324e-01 2.875646576285362244e-03
0.000000000000000000e+00 6.132264137268066406e-01 2.804450923576951027e-03
0.000000000000000000e+00 6.152304410934448242e-01 2.730951411649584770e-03
0.000000000000000000e+00 6.172344684600830078e-01 2.660187659785151482e-03
0.000000000000000000e+00 6.192384958267211914e-01 2.587396651506423950e-03
0.000000000000000000e+00 6.212425231933593750e-01 2.512621926143765450e-03
0.000000000000000000e+00 6.232464909553527832e-01 2.439492382109165192e-03
0.000000000000000000e+00 6.252504587173461914e-01 2.366386353969573975e-03
0.000000000000000000e+00 6.272544860839843750e-01 2.290617907419800758e-03
0.000000000000000000e+00 6.292585134506225586e-01 2.219740999862551689e-03
0.000000000000000000e+00 6.312625408172607422e-01 2.146192360669374466e-03
0.000000000000000000e+00 6.332665681838989258e-01 2.076637698337435722e-03
0.000000000000000000e+00 6.352705359458923340e-01 2.005634829401969910e-03
0.000000000000000000e+00 6.372745037078857422e-01 1.936319051310420036e-03
0.000000000000000000e+00 6.392785310745239258e-01 1.871050801128149033e-03
0.000000000000000000e+00 6.412825584411621094e-01 1.806041342206299305e-03
0.000000000000000000e+00 6.432865858078002930e-01 1.746894558891654015e-03
0.000000000000000000e+00 6.452906131744384766e-01 1.689644414000213146e-03
0.000000000000000000e+00 6.472945809364318848e-01 1.639484427869319916e-03
0.000000000000000000e+00 6.492985486984252930e-01 1.591292442753911018e-03
0.000000000000000000e+00 6.513025760650634766e-01 1.550546963699162006e-03
0.000000000000000000e+00 6.533066034317016602e-01 1.516571617685258389e-03
0.000000000000000000e+00 6.553106307983398438e-01 1.488475012592971325e-03
0.000000000000000000e+00 6.573146581649780273e-01 1.467957161366939545e-03
0.000000000000000000e+00 6.593186259269714355e-01 1.457882695831358433e-03
0.000000000000000000e+00 6.613226532936096191e-01 1.454503508284687996e-03
0.000000000000000000e+00 6.633266210556030273e-01 1.462290296331048012e-03
0.000000000000000000e+00 6.653306484222412109e-01 1.477200072258710861e-03
0.000000000000000000e+00 6.673346757888793945e-01 1.500971382483839989e-03
0.000000000000000000e+00 6.693387031555175781e-01 1.532784081064164639e-03
0.000000000000000000e+00 6.713426709175109863e-01 1.573551562614738941e-03
0.000000000000000000e+00 6.733466982841491699e-01 1.620769267901778221e-03
0.000000000000000000e+00 6.753506660461425781e-01 1.677905209362506866e-03
0.000000000000000000e+00 6.773546934127807617e-01 1.736220205202698708e-03
0.000000000000000000e+00 6.793587207794189453e-01 1.803675433620810509e-03
0.000000000000000000e+00 6.813627481460571289e-01 1.873924396932125092e-03
0.000000000000000000e+00 6.833667159080505371e-01 1.951520098373293877e-03
0.000000000000000000e+00 6.853707432746887207e-01 2.030931180343031883e-03
0.000000000000000000e+00 6.873747110366821289e-01 2.115105744451284409e-03
0.000000000000000000e+00 6.893787384033203125e-01 2.199733164161443710e-03
0.000000000000000000e+00 6.913827657699584961e-01 2.288946649059653282e-03
0.000000000000000000e+00 6.933867931365966797e-01 2.379266778007149696e-03
0.000000000000000000e+00 6.953908205032348633e-01 2.473072148859500885e-03
0.000000000000000000e+00 6.973947882652282715e-01 2.566737588495016098e-03
0.000000000000000000e+00 6.993987560272216797e-01 2.661688020452857018e-03
0.000000000000000000e+00 7.014027833938598633e-01 2.758018439635634422e-03
0.000000000000000000e+00 7.034068107604980469e-01 2.853220794349908829e-03
0.000000000000000000e+00 7.054108381271362305e-01 2.951140748336911201e-03
0.000000000000000000e+00 7.074148654937744141e-01 3.047507489100098610e-03
0.000000000000000000e+00 7.094188332557678223e-01 3.145745722576975822e-03
0.000000000000000000e+00 7.114228010177612305e-01 3.244271734729409218e-03
0.000000000000000000e+00 7.134268283843994141e-01 3.341262927278876305e-03
0.000000000000000000e+00 7.154308557510375977e-01 3.438446903601288795e-03
0.000000000000000000e+00 7.174348831176757812e-01 3.532483940944075584e-03
0.000000000000000000e+00 7.194389104843139648e-01 3.627223195508122444e-03
0.000000000000000000e+00 7.214428782463073730e-01 3.722149180248379707e-03
0.000000000000000000e+00 7.234468460083007812e-01 3.814106108620762825e-03
0.000000000000000000e+00 7.254508733749389648e-01 3.905762685462832451e-03
0.000000000000000000e+00 7.274549007415771484e-01 3.995992708951234818e-03
0.000000000000000000e+00 7.294589281082153320e-01 4.084843676537275314e-03
0.000000000000000000e+00 7.314629554748535156e-01 4.171377513557672501e-03
0.000000000000000000e+00 7.334669232368469238e-01 4.257886204868555069e-03
0.000000000000000000e+00 7.354709506034851074e-01 4.339727107435464859e-03
0.000000000000000000e+00 7.374749183654785156e-01 4.421506542712450027e-03
0.000000000000000000e+00 7.394789457321166992e-01 4.500830546021461487e-03
0.000000000000000000e+00 7.414829730987548828e-01 4.577402956783771515e-03
0.000000000000000000e+00 7.434870004653930664e-01 4.654747433960437775e-03
0.000000000000000000e+00 7.454909682273864746e-01 4.726718179881572723e-03
0.000000000000000000e+00 7.474949955940246582e-01 4.793734289705753326e-03
0.000000000000000000e+00 7.494989633560180664e-01 4.859792534261941910e-03
0.000000000000000000e+00 7.515029907226562500e-01 4.923482425510883331e-03
0.000000000000000000e+00 7.535070180892944336e-01 4.984863568097352982e-03
0.000000000000000000e+00 7.555110454559326172e-01 5.042891949415206909e-03
0.000000000000000000e+00 7.575150132179260254e-01 5.097180604934692383e-03
0.000000000000000000e+00 7.595190405845642090e-01 5.148882977664470673e-03
0.000000000000000000e+00 7.615230083465576172e-01 5.196696612983942032e-03
0.000000000000000000e+00 7.635270357131958008e-01 5.238854791969060898e-03
0.000000000000000000e+00 7.655310630798339844e-01 5.280015058815479279e-03
0.000000000000000000e+00 7.675350904464721680e-01 5.315927788615226746e-03
0.000000000000000000e+00 7.695390582084655762e-01 5.348312202841043472e-03
0.000000000000000000e+00 7.715430855751037598e-01 5.376987159252166748e-03
0.000000000000000000e+00 7.735471129417419434e-01 5.402201786637306213e-03
0.000000000000000000e+00 7.755510807037353516e-01 5.419662687927484512e-03
0.000000000000000000e+00 7.775551080703735352e-01 5.436135455965995789e-03
0.000000000000000000e+00 7.795591354370117188e-01 5.446228664368391037e-03
0.000000000000000000e+00 7.815631031990051270e-01 5.452395416796207428e-03
0.000000000000000000e+00 7.835671305656433105e-01 5.452306475490331650e-03
0.000000000000000000e+00 7.855711579322814941e-01 5.448721349239349365e-03
0.000000000000000000e+00 7.875751256942749023e-01 5.439308471977710724e-03
0.000000000000000000e+00 7.895791530609130859e-01 5.424802657216787338e-03
0.000000000000000000e+00 7.915831804275512695e-01 5.405006930232048035e-03
0.000000000000000000e+00 7.935872077941894531e-01 5.380397662520408630e-03
0.000000000000000000e+00 7.955911755561828613e-01 5.349667742848396301e-03
0.000000000000000000e+00 7.975952029228210449e-01 5.315200425684452057e-03
0.000000000000000000e+00 7.995991706848144531e-01 5.271048285067081451e-03
0.000000000000000000e+00 8.016031980514526367e-01 5.222272593528032303e-03
0.000000000000000000e+00 8.036072254180908203e-01 5.167478229850530624e-03
0.000000000000000000e+00 8.056112527847290039e-01 5.106927827000617981e-03
0.000000000000000000e+00 8.076152205467224121e-01 5.040728952735662460e-03
0.000000000000000000e+00 8.096192479133605957e-01 4.966971464455127716e-03
0.000000000000000000e+00 8.116232156753540039e-01 4.887993913143873215e-03
0.000000000000000000e+00 8.136272430419921875e-01 4.804074764251708984e-03
0.000000000000000000e+00 8.156312704086303711e-01 4.708614666014909744e-03
0.000000000000000000e+00 8.176352977752685547e-01 4.609561059623956680e-03
0.000000000000000000e+00 8.196392655372619629e-01 4.504541400820016861e-03
0.000000000000000000e+00 8.216432929039001465e-01 4.389607813209295273e-03
0.000000000000000000e+00 8.236472606658935547e-01 4.269267898052930832e-03
0.000000000000000000e+00 8.256512880325317383e-01 4.142051097005605698e-03
0.000000000000000000e+00 8.276553153991699219e-01 4.007635638117790222e-03
0.000000000000000000e+00 8.296593427658081055e-01 3.864183323457837105e-03
0.000000000000000000e+00 8.316633105278015137e-01 3.713680198416113853e-03
0.000000000000000000e+00 8.336673378944396973e-01 3.559699282050132751e-03
0.000000000000000000e+00 8.356713056564331055e-01 3.395192092284560204e-03
0.000000000000000000e+00 8.376753330230712891e-01 3.223797306418418884e-03
0.000000000000000000e+00 8.396793603897094727e-01 3.045623190701007843e-03
0.000000000000000000e+00 8.416833877563476562e-01 2.860637847334146500e-03
0.000000000000000000e+00 8.436873555183410645e-01 2.665946725755929947e-03
0.000000000000000000e+00 8.456913828849792480e-01 2.468523103743791580e-03
0.000000000000000000e+00 8.476954102516174316e-01 2.262460533529520035e-03
0.000000000000000000e+00 8.496993780136108398e-01 2.053556265309453011e-03
0.000000000000000000e+00 8.517034053802490234e-01 1.840250450186431408e-03
0.000000000000000000e+00 8.537074327468872070e-01 1.621261471882462502e-03
0.000000000000000000e+00 8.557114005088806152e-01 1.403739443048834801e-03
0.000000000000000000e+00 8.577154278755187988e-01 1.189584145322442055e-03
0.000000000000000000e+00 8.597194552421569824e-01 9.917259449139237404e-04
0.000000000000000000e+00 8.617234230041503906e-01 8.238230948336422443e-04
0.000000000000000000e+00 8.637274503707885742e-01 7.182127446867525578e-04
0.000000000000000000e+00 8.657314777374267578e-01 7.162845577113330364e-04
0.000000000000000000e+00 8.677355051040649414e-01 8.208760991692543030e-04
0.000000000000000000e+00 8.697394728660583496e-01 1.006093574687838554e-03
0.000000000000000000e+00 8.717435002326965332e-01 1.239428645931184292e-03
0.000000000000000000e+00 8.737474679946899414e-01 1.509117311798036098e-03
0.000000000000000000e+00 8.757514953613281250e-01 1.794637297280132771e-03
0.000000000000000000e+00 8.777555227279663086e-01 2.093647839501500130e-03
0.000000000000000000e+00 8.797595500946044922e-01 2.403797814622521400e-03
0.000000000000000000e+00 8.817635178565979004e-01 2.719684969633817673e-03
0.000000000000000000e+00 8.837675452232360840e-01 3.043879289180040359e-03
0.000000000000000000e+00 8.857715129852294922e-01 3.372763982042670250e-03
0.000000000000000000e+00 8.877755403518676758e-01 3.705493640154600143e-03
0.000000000000000000e+00 8.897795677185058594e-01 4.039272200316190720e-03
0.000000000000000000e+00 8.917835950851440430e-01 4.377390258014202118e-03
0.000000000000000000e+00 8.937875628471374512e-01 4.715110640972852707e-03
0.000000000000000000e+00 8.957915902137756348e-01 5.052282009273767471e-03
0.000000000000000000e+00 8.977955579757690430e-01 5.385588854551315308e-03
0.000000000000000000e+00 8.997995853424072266e-01 5.717018153518438339e-03
0.000000000000000000e+00 9.018036127090454102e-01 6.044971756637096405e-03
0.000000000000000000e+00 9.038076400756835938e-01 6.364038214087486267e-03
0.000000000000000000e+00 9.058116078376770020e-01 6.674997974187135696e-03
0.000000000000000000e+00 9.078156352043151855e-01 6.978839170187711716e-03
0.000000000000000000e+00 9.098196625709533691e-01 7.268699817359447479e-03
0.000000000000000000e+00 9.118236303329467773e-01 7.546073757112026215e-03
0.000000000000000000e+00 9.138276576995849609e-01 7.807370740920305252e-03
0.000000000000000000e+00 9.158316850662231445e-01 8.045963943004608154e-03
0.000000000000000000e+00 9.178356528282165527e-01 8.266103453934192657e-03
0.000000000000000000e+00 9.198396801948547363e-01 8.462106809020042419e-03
0.000000000000000000e+00 9.218437075614929199e-01 8.634359575808048248e-03
0.000000000000000000e+00 9.238476753234863281e-01 8.775194175541400909e-03
0.000000000000000000e+00 9.258517026901245117e-01 8.883499540388584137e-03
0.000000000000000000e+00 9.278557300567626953e-01 8.954399265348911285e-03
0.000000000000000000e+00 9.298596978187561035e-01 8.987380191683769226e-03
0.000000000000000000e+00 9.318637251853942871e-01 8.973832242190837860e-03
0.000000000000000000e+00 9.338677525520324707e-01 8.918634615838527679e-03
0.000000000000000000e+00 9.358717203140258789e-01 8.811725303530693054e-03
0.000000000000000000e+00 9.378757476806640625e-01 8.653011173009872437e-03
0.000000000000000000e+00 9.398797750473022461e-01 8.438322693109512329e-03
0.000000000000000000e+00 9.418837428092956543e-01 8.165893144905567169e-03
0.000000000000000000e+00 9.438877701759338379e-01 7.836523465812206268e-03
0.000000000000000000e+00 9.458917975425720215e-01 7.453275844454765320e-03
0.000000000000000000e+00 9.478957653045654297e-01 7.012146525084972382e-03
0.000000000000000000e+00 9.498997926712036133e-01 6.535541731864213943e-03
0.000000000000000000e+00 9.519038200378417969e-01 6.034338381141424179e-03
0.000000000000000000e+00 9.539077877998352051e-01 5.547663196921348572e-03
0.000000000000000000e+00 9.559118151664733887e-01 5.132143851369619370e-03
0.000000000000000000e+00 9.579158425331115723e-01 4.876995459198951721e-03
0.000000000000000000e+00 9.599198102951049805e-01 4.894068930298089981e-03
0.000000000000000000e+00 9.619238376617431641e-01 5.265334621071815491e-03
0.000000000000000000e+00 9.639278650283813477e-01 6.016047205775976181e-03
0.000000000000000000e+00 9.659318923950195312e-01 7.102194242179393768e-03
0.000000000000000000e+00 9.679358601570129395e-01 8.453444577753543854e-03
0.000000000000000000e+00 9.699398875236511230e-01 1.000645011663436890e-02
0.000000000000000000e+00 9.719439148902893066e-01 1.168253179639577866e-02
0.000000000000000000e+00 9.739478826522827148e-01 1.339666638523340225e-02
0.000000000000000000e+00 9.759519100189208984e-01 1.503199059516191483e-02
0.000000000000000000e+00 9.779559373855590820e-01 1.640380360186100006e-02
0.000000000000000000e+00 9.799599051475524902e-01 1.724568568170070648e-02
0.000000000000000000e+00 9.819639325141906738e-01 1.715737208724021912e-02
0.000000000000000000e+00 9.839679598808288574e-01 1.557552907615900040e-02
0.000000000000000000e+00 9.859719276428222656e-01 1.185037195682525635e-02
0.000000000000000000e+00 9.879759550094604492e-01 6.190375890582799911e-03
0.000000000000000000e+00 9.899799823760986328e-01 9.134038351476192474e-03
0.000000000000000000e+00 9.919839501380920410e-01 2.163679897785186768e-02
0.000000000000000000e+00 9.939879775047302246e-01 3.359050303697586060e-02
0.000000000000000000e+00 9.959920048713684082e-01 3.857244923710823059e-02
0.000000000000000000e+00 9.979959726333618164e-01 1.421407703310251236e-02
0.000000000000000000e+00 1.000000000000000000e+00 3.918482959270477295e-01
