0.000000000000000000e+00 0.000000000000000000e+00 1.241165027022361755e-02
0.000000000000000000e+00 2.004008041694760323e-03 1.236687693744897842e-02
0.000000000000000000e+00 4.008016083389520645e-03 1.232136413455009460e-02
0.000000000000000000e+00 6.012024357914924622e-03 1.227461732923984528e-02
0.000000000000000000e+00 8.016032166779041290e-03 1.222898717969655991e-02
0.000000000000000000e+00 1.002003997564315796e-02 1.218276098370552063e-02
0.000000000000000000e+00 1.202404871582984924e-02 1.213631685823202133e-02
0.000000000000000000e+00 1.402805652469396591e-02 1.208858750760555267e-02
0.000000000000000000e+00 1.603206433355808258e-02 1.204149797558784485e-02
0.000000000000000000e+00 1.803607307374477386e-02 1.199402101337909698e-02
0.000000000000000000e+00 2.004007995128631592e-02 1.194584649056196213e-02
0.000000000000000000e+00 2.204408869147300720e-02 1.189757604151964188e-02
0.000000000000000000e+00 2.404809743165969849e-02 1.184963807463645935e-02
0.000000000000000000e+00 2.605210430920124054e-02 1.180080510675907135e-02
0.000000000000000000e+00 2.805611304938793182e-02 1.175236795097589493e-02
0.000000000000000000e+00 3.006011992692947388e-02 1.170232519507408142e-02
0.000000000000000000e+00 3.206412866711616516e-02 1.165270153433084488e-02
0.000000000000000000e+00 3.406813740730285645e-02 1.160284876823425293e-02
0.000000000000000000e+00 3.607214614748954773e-02 1.155268307775259018e-02
0.000000000000000000e+00 3.807615116238594055e-02 1.150258630514144897e-02
0.000000000000000000e+00 4.008015990257263184e-02 1.145137660205364227e-02
0.000000000000000000e+00 4.208416864275932312e-02 1.140021719038486481e-02
0.000000000000000000e+00 4.408817738294601440e-02 1.134937535971403122e-02
0.000000000000000000e+00 4.609218612313270569e-02 1.129753515124320984e-02
0.000000000000000000e+00 4.809619486331939697e-02 1.124514546245336533e-02
0.000000000000000000e+00 5.010019987821578979e-02 1.119281258434057236e-02
0.000000000000000000e+00 5.210420861840248108e-02 1.114022452384233475e-02
0.000000000000000000e+00 5.410821735858917236e-02 1.108700037002563477e-02
0.000000000000000000e+00 5.611222609877586365e-02 1.103415060788393021e-02
0.000000000000000000e+00 5.811623483896255493e-02 1.098028384149074554e-02
0.000000000000000000e+00 6.012023985385894775e-02 1.092577259987592697e-02
0.000000000000000000e+00 6.212424859404563904e-02 1.087144855409860611e-02
0.000000000000000000e+00 6.412825733423233032e-02 1.081700250506401062e-02
0.000000000000000000e+00 6.613226234912872314e-02 1.076154503971338272e-02
0.000000000000000000e+00 6.813627481460571289e-02 1.070659980177879333e-02
0.000000000000000000e+00 7.014027982950210571e-02 1.065089926123619080e-02
0.000000000000000000e+00 7.214429229497909546e-02 1.059481222182512283e-02
0.000000000000000000e+00 7.414829730987548828e-02 1.053860038518905640e-02
0.000000000000000000e+00 7.615230232477188110e-02 1.048136223107576370e-02
0.000000000000000000e+00 7.815631479024887085e-02 1.042396575212478638e-02
0.000000000000000000e+00 8.016031980514526367e-02 1.036655250936746597e-02
0.000000000000000000e+00 8.216433227062225342e-02 1.030859258025884628e-02
0.000000000000000000e+00 8.416833728551864624e-02 1.025040727108716965e-02
0.000000000000000000e+00 8.617234230041503906e-02 1.019186619669198990e-02
0.000000000000000000e+00 8.817635476589202881e-02 1.013247948139905930e-02
0.000000000000000000e+00 9.018035978078842163e-02 1.007338520139455795e-02
0.000000000000000000e+00 9.218437224626541138e-02 1.001273840665817261e-02
0.000000000000000000e+00 9.418837726116180420e-02 9.952877648174762726e-03
0.000000000000000000e+00 9.619238972663879395e-02 9.892578236758708954e-03
0.000000000000000000e+00 9.819639474153518677e-02 9.831524454057216644e-03
0.000000000000000000e+00 1.002003997564315796e-01 9.770790114998817444e-03
0.000000000000000000e+00 1.022044122219085693e-01 9.708572179079055786e-03
0.000000000000000000e+00 1.042084172368049622e-01 9.646657854318618774e-03
0.000000000000000000e+00 1.062124297022819519e-01 9.584443643689155579e-03
0.000000000000000000e+00 1.082164347171783447e-01 9.521313011646270752e-03
0.000000000000000000e+00 1.102204397320747375e-01 9.457783773541450500e-03
0.000000000000000000e+00 1.122244521975517273e-01 9.394874796271324158e-03
0.000000000000000000e+00 1.142284572124481201e-01 9.330940432846546173e-03
0.000000000000000000e+00 1.162324696779251099e-01 9.266455657780170441e-03
0.000000000000000000e+00 1.182364746928215027e-01 9.202206507325172424e-03
0.000000000000000000e+00 1.202404797077178955e-01 9.135942906141281128e-03
0.000000000000000000e+00 1.222444921731948853e-01 9.070731699466705322e-03
0.000000000000000000e+00 1.242484971880912781e-01 9.005214087665081024e-03
0.000000000000000000e+00 1.262525022029876709e-01 8.938917890191078186e-03
0.000000000000000000e+00 1.282565146684646606e-01 8.871660567820072174e-03
0.000000000000000000e+00 1.302605271339416504e-01 8.804727345705032349e-03
0.000000000000000000e+00 1.322645246982574463e-01 8.737653493881225586e-03
0.000000000000000000e+00 1.342685371637344360e-01 8.669597096741199493e-03
0.000000000000000000e+00 1.362725496292114258e-01 8.600664325058460236e-03
0.000000000000000000e+00 1.382765620946884155e-01 8.532758802175521851e-03
0.000000000000000000e+00 1.402805596590042114e-01 8.463137783110141754e-03
0.000000000000000000e+00 1.422845721244812012e-01 8.393388241529464722e-03
0.000000000000000000e+00 1.442885845899581909e-01 8.323898538947105408e-03
0.000000000000000000e+00 1.462925821542739868e-01 8.254067040979862213e-03
0.000000000000000000e+00 1.482965946197509766e-01 8.182904683053493500e-03
0.000000000000000000e+00 1.503006070852279663e-01 8.112017065286636353e-03
0.000000000000000000e+00 1.523046046495437622e-01 8.040810935199260712e-03
0.000000000000000000e+00 1.543086171150207520e-01 7.968955673277378082e-03
0.000000000000000000e+00 1.563126295804977417e-01 7.896857336163520813e-03
0.000000000000000000e+00 1.583166420459747314e-01 7.824232801795005798e-03
0.000000000000000000e+00 1.603206396102905273e-01 7.751502096652984619e-03
0.000000000000000000e+00 1.623246520757675171e-01 7.678555324673652649e-03
0.000000000000000000e+00 1.643286645412445068e-01 7.604528218507766724e-03
0.000000000000000000e+00 1.663326621055603027e-01 7.530540693551301956e-03
0.000000000000000000e+00 1.683366745710372925e-01 7.456216029822826385e-03
0.000000000000000000e+00 1.703406870365142822e-01 7.381247356534004211e-03
0.000000000000000000e+00 1.723446846008300781e-01 7.306655868887901306e-03
0.000000000000000000e+00 1.743486970663070679e-01 7.230809889733791351e-03
0.000000000000000000e+00 1.763527095317840576e-01 7.155647967010736465e-03
0.000000000000000000e+00 1.783567219972610474e-01 7.079844363033771515e-03
0.000000000000000000e+00 1.803607195615768433e-01 7.003185804933309555e-03
0.000000000000000000e+00 1.823647320270538330e-01 6.926677655428647995e-03
0.000000000000000000e+00 1.843687444925308228e-01 6.849539000540971756e-03
0.000000000000000000e+00 1.863727420568466187e-01 6.772730499505996704e-03
0.000000000000000000e+00 1.883767545223236084e-01 6.694898940622806549e-03
0.000000000000000000e+00 1.903807669878005981e-01 6.617032457143068314e-03
0.000000000000000000e+00 1.923847794532775879e-01 6.538421846926212311e-03
0.000000000000000000e+00 1.943887770175933838e-01 6.460194475948810577e-03
0.000000000000000000e+00 1.963927894830703735e-01 6.380958948284387589e-03
0.000000000000000000e+00 1.983968019485473633e-01 6.301744375377893448e-03
0.000000000000000000e+00 2.004007995128631592e-01 6.223320960998535156e-03
0.000000000000000000e+00 2.024048119783401489e-01 6.143460981547832489e-03
0.000000000000000000e+00 2.044088244438171387e-01 6.063342094421386719e-03
0.000000000000000000e+00 2.064128220081329346e-01 5.983404815196990967e-03
0.000000000000000000e+00 2.084168344736099243e-01 5.904086399823427200e-03
0.000000000000000000e+00 2.104208469390869141e-01 5.823381710797548294e-03
0.000000000000000000e+00 2.124248594045639038e-01 5.742287263274192810e-03
0.000000000000000000e+00 2.144288569688796997e-01 5.661693401634693146e-03
0.000000000000000000e+00 2.164328694343566895e-01 5.580841563642024994e-03
0.000000000000000000e+00 2.184368818998336792e-01 5.499900318682193756e-03
0.000000000000000000e+00 2.204408794641494751e-01 5.418156739324331284e-03
0.000000000000000000e+00 2.224448919296264648e-01 5.336992442607879639e-03
0.000000000000000000e+00 2.244489043951034546e-01 5.255303811281919479e-03
0.000000000000000000e+00 2.264529019594192505e-01 5.174022633582353592e-03
0.000000000000000000e+00 2.284569144248962402e-01 5.092847626656293869e-03
0.000000000000000000e+00 2.304609268903732300e-01 5.010580178350210190e-03
0.000000000000000000e+00 2.324649393558502197e-01 4.928840789943933487e-03
0.000000000000000000e+00 2.344689369201660156e-01 4.847652744501829147e-03
0.000000000000000000e+00 2.364729493856430054e-01 4.765929654240608215e-03
0.000000000000000000e+00 2.384769618511199951e-01 4.684265237301588058e-03
0.000000000000000000e+00 2.404809594154357910e-01 4.601945634931325912e-03
0.000000000000000000e+00 2.424849718809127808e-01 4.520876798778772354e-03
0.000000000000000000e+00 2.444889843463897705e-01 4.439321346580982208e-03
0.000000000000000000e+00 2.464929819107055664e-01 4.358216654509305954e-03
0.000000000000000000e+00 2.484969943761825562e-01 4.276775289326906204e-03
0.000000000000000000e+00 2.505010068416595459e-01 4.195695742964744568e-03
0.000000000000000000e+00 2.525050044059753418e-01 4.114520736038684845e-03
0.000000000000000000e+00 2.545090317726135254e-01 4.033581819385290146e-03
0.000000000000000000e+00 2.565130293369293213e-01 3.952894359827041626e-03
0.000000000000000000e+00 2.585170269012451172e-01 3.873743582516908646e-03
0.000000000000000000e+00 2.605210542678833008e-01 3.793986979871988297e-03
0.000000000000000000e+00 2.625250518321990967e-01 3.714051330462098122e-03
0.000000000000000000e+00 2.645290493965148926e-01 3.635584143921732903e-03
0.000000000000000000e+00 2.665330767631530762e-01 3.556124866008758545e-03
0.000000000000000000e+00 2.685370743274688721e-01 3.478873521089553833e-03
0.000000000000000000e+00 2.705410718917846680e-01 3.400923917070031166e-03
0.000000000000000000e+00 2.725450992584228516e-01 3.324846038594841957e-03
0.000000000000000000e+00 2.745490968227386475e-01 3.248396329581737518e-03
0.000000000000000000e+00 2.765531241893768311e-01 3.172735217958688736e-03
0.000000000000000000e+00 2.785571217536926270e-01 3.098269924521446228e-03
0.000000000000000000e+00 2.805611193180084229e-01 3.023971337825059891e-03
0.000000000000000000e+00 2.825651466846466064e-01 2.951805712655186653e-03
0.000000000000000000e+00 2.845691442489624023e-01 2.879477571696043015e-03
0.000000000000000000e+00 2.865731418132781982e-01 2.808718243613839149e-03
0.000000000000000000e+00 2.885771691799163818e-01 2.739374991506338120e-03
0.000000000000000000e+00 2.905811667442321777e-01 2.670962596312165260e-03
0.000000000000000000e+00 2.925851643085479736e-01 2.604405861347913742e-03
0.000000000000000000e+00 2.945891916751861572e-01 2.538498025387525558e-03
0.000000000000000000e+00 2.965931892395019531e-01 2.474132226780056953e-03
0.000000000000000000e+00 2.985971868038177490e-01 2.412343863397836685e-03
0.000000000000000000e+00 3.006012141704559326e-01 2.351523842662572861e-03
0.000000000000000000e+00 3.026052117347717285e-01 2.292689634487032890e-03
0.000000000000000000e+00 3.046092092990875244e-01 2.236759057268500328e-03
0.000000000000000000e+00 3.066132366657257080e-01 2.182464348152279854e-03
0.000000000000000000e+00 3.086172342300415039e-01 2.130734967067837715e-03
0.000000000000000000e+00 3.106212317943572998e-01 2.081549260765314102e-03
0.000000000000000000e+00 3.126252591609954834e-01 2.034933306276798248e-03
0.000000000000000000e+00 3.146292567253112793e-01 1.991904340684413910e-03
0.000000000000000000e+00 3.166332840919494629e-01 1.950934994965791702e-03
0.000000000000000000e+00 3.186372816562652588e-01 1.913280459120869637e-03
0.000000000000000000e+00 3.206412792205810547e-01 1.879567862488329411e-03
0.000000000000000000e+00 3.226453065872192383e-01 1.848600571975111961e-03
0.000000000000000000e+00 3.246493041515350342e-01 1.821566373109817505e-03
0.000000000000000000e+00 3.266533017158508301e-01 1.797753386199474335e-03
0.000000000000000000e+00 3.286573290824890137e-01 1.778146834112703800e-03
0.000000000000000000e+00 3.306613266468048096e-01 1.762456377036869526e-03
0.000000000000000000e+00 3.326653242111206055e-01 1.749994582496583462e-03
0.000000000000000000e+00 3.346693515777587891e-01 1.741407788358628750e-03
0.000000000000000000e+00 3.366733491420745850e-01 1.738207647576928139e-03
0.000000000000000000e+00 3.386773467063903809e-01 1.737761893309652805e-03
0.000000000000000000e+00 3.406813740730285645e-01 1.740783220157027245e-03
0.000000000000000000e+00 3.426853716373443604e-01 1.749021350406110287e-03
0.000000000000000000e+00 3.446893692016601562e-01 1.758641912601888180e-03
0.000000000000000000e+00 3.466933965682983398e-01 1.773064606823027134e-03
0.000000000000000000e+00 3.486973941326141357e-01 1.790535519830882549e-03
0.000000000000000000e+00 3.507014214992523193e-01 1.810619723983108997e-03
0.000000000000000000e+00 3.527054190635681152e-01 1.833410118706524372e-03
0.000000000000000000e+00 3.547094166278839111e-01 1.859716721810400486e-03
0.000000000000000000e+00 3.567134439945220947e-01 1.888387138023972511e-03
0.000000000000000000e+00 3.587174415588378906e-01 1.918799942359328270e-03
0.000000000000000000e+00 3.607214391231536865e-01 1.951450947672128677e-03
0.000000000000000000e+00 3.627254664897918701e-01 1.986073795706033707e-03
0.000000000000000000e+00 3.647294640541076660e-01 2.022225642576813698e-03
0.000000000000000000e+00 3.667334616184234619e-01 2.060833387076854706e-03
0.000000000000000000e+00 3.687374889850616455e-01 2.099455567076802254e-03
0.000000000000000000e+00 3.707414865493774414e-01 2.139994176104664803e-03
0.000000000000000000e+00 3.727454841136932373e-01 2.180902985855937004e-03
0.000000000000000000e+00 3.747495114803314209e-01 2.223520539700984955e-03
0.000000000000000000e+00 3.767535090446472168e-01 2.265268703922629356e-03
0.000000000000000000e+00 3.787575066089630127e-01 2.308808732777833939e-03
0.000000000000000000e+00 3.807615339756011963e-01 2.353039570152759552e-03
0.000000000000000000e+00 3.827655315399169922e-01 2.397763310000300407e-03
0.000000000000000000e+00 3.847695589065551758e-01 2.442320110276341438e-03
0.000000000000000000e+00 3.867735564708709717e-01 2.487366087734699249e-03
0.000000000000000000e+00 3.887775540351867676e-01 2.532068407163023949e-03
0.000000000000000000e+00 3.907815814018249512e-01 2.576858736574649811e-03
0.000000000000000000e+00 3.927855789661407471e-01 2.621429506689310074e-03
0.000000000000000000e+00 3.947895765304565430e-01 2.666806802153587341e-03
0.000000000000000000e+00 3.967936038970947266e-01 2.711296314373612404e-03
0.000000000000000000e+00 3.987976014614105225e-01 2.755306661128997803e-03
0.000000000000000000e+00 4.008015990257263184e-01 2.799636684358119965e-03
0.000000000000000000e+00 4.028056263923645020e-01 2.843305468559265137e-03
0.000000000000000000e+00 4.048096239566802979e-01 2.885115798562765121e-03
0.000000000000000000e+00 4.068136215209960938e-01 2.928091445937752724e-03
0.000000000000000000e+00 4.088176488876342773e-01 2.969662193208932877e-03
0.000000000000000000e+00 4.108216464519500732e-01 3.011413617059588432e-03
0.000000000000000000e+00 4.128256440162658691e-01 3.051596693694591522e-03
0.000000000000000000e+00 4.148296713829040527e-01 3.091176738962531090e-03
0.000000000000000000e+00 4.168336689472198486e-01 3.129407996311783791e-03
0.000000000000000000e+00 4.188376665115356445e-01 3.168344963341951370e-03
0.000000000000000000e+00 4.208416938781738281e-01 3.205628832802176476e-03
0.000000000000000000e+00 4.228456914424896240e-01 3.241184400394558907e-03
0.000000000000000000e+00 4.248497188091278076e-01 3.277408657595515251e-03
0.000000000000000000e+00 4.268537163734436035e-01 3.311706474050879478e-03
0.000000000000000000e+00 4.288577139377593994e-01 3.345094621181488037e-03
0.000000000000000000e+00 4.308617413043975830e-01 3.377528395503759384e-03
0.000000000000000000e+00 4.328657388687133789e-01 3.410055767744779587e-03
0.000000000000000000e+00 4.348697364330291748e-01 3.440333530306816101e-03
0.000000000000000000e+00 4.368737637996673584e-01 3.470446448773145676e-03
0.000000000000000000e+00 4.388777613639831543e-01 3.498042235150933266e-03
0.000000000000000000e+00 4.408817589282989502e-01 3.525699023157358170e-03
0.000000000000000000e+00 4.428857862949371338e-01 3.550894325599074364e-03
0.000000000000000000e+00 4.448897838592529297e-01 3.576323855668306351e-03
0.000000000000000000e+00 4.468937814235687256e-01 3.600521245971322060e-03
0.000000000000000000e+00 4.488978087902069092e-01 3.623398020863533020e-03
0.000000000000000000e+00 4.509018063545227051e-01 3.644898999482393265e-03
0.000000000000000000e+00 4.529058039188385010e-01 3.665144555270671844e-03
0.000000000000000000e+00 4.549098312854766846e-01 3.684454597532749176e-03
0.000000000000000000e+00 4.569138288497924805e-01 3.702408168464899063e-03
0.000000000000000000e+00 4.589178562164306641e-01 3.719532163813710213e-03
0.000000000000000000e+00 4.609218537807464600e-01 3.734152996912598610e-03
0.000000000000000000e+00 4.629258513450622559e-01 3.747101640328764915e-03
0.000000000000000000e+00 4.649298787117004395e-01 3.761108499020338058e-03
0.000000000000000000e+00 4.669338762760162354e-01 3.771347692236304283e-03
0.000000000000000000e+00 4.689378738403320312e-01 3.782532410696148872e-03
0.000000000000000000e+00 4.709419012069702148e-01 3.791650524362921715e-03
0.000000000000000000e+00 4.729458987712860107e-01 3.798129502683877945e-03
0.000000000000000000e+00 4.749498963356018066e-01 3.804563777521252632e-03
0.000000000000000000e+00 4.769539237022399902e-01 3.809208283200860023e-03
0.000000000000000000e+00 4.789579212665557861e-01 3.811141476035118103e-03
0.000000000000000000e+00 4.809619188308715820e-01 3.813886549323797226e-03
0.000000000000000000e+00 4.829659461975097656e-01 3.815003437921404839e-03
0.000000000000000000e+00 4.849699437618255615e-01 3.813266986981034279e-03
0.000000000000000000e+00 4.869739413261413574e-01 3.810844849795103073e-03
0.000000000000000000e+00 4.889779686927795410e-01 3.807984059676527977e-03
0.000000000000000000e+00 4.909819662570953369e-01 3.801994025707244873e-03
0.000000000000000000e+00 4.929859638214111328e-01 3.795803058892488480e-03
0.000000000000000000e+00 4.949899911880493164e-01 3.787127323448657990e-03
0.000000000000000000e+00 4.969939887523651123e-01 3.777183592319488525e-03
0.000000000000000000e+00 4.989980161190032959e-01 3.766368376091122627e-03
0.000000000000000000e+00 5.010019540786743164e-01 3.754102392122149467e-03
0.000000000000000000e+00 5.030059814453125000e-01 3.740854794159531593e-03
0.000000000000000000e+00 5.050100088119506836e-01 3.725480055436491966e-03
0.000000000000000000e+00 5.070140361785888672e-01 3.708974923938512802e-03
0.000000000000000000e+00 5.090180635452270508e-01 3.690439276397228241e-03
0.000000000000000000e+00 5.110220313072204590e-01 3.671900369226932526e-03
0.000000000000000000e+00 5.130260586738586426e-01 3.650775877758860588e-03
0.000000000000000000e+00 5.150300264358520508e-01 3.627460682764649391e-03
0.000000000000000000e+00 5.170340538024902344e-01 3.604062600061297417e-03
0.000000000000000000e+00 5.190380811691284180e-01 3.578973468393087387e-03
0.000000000000000000e+00 5.210421085357666016e-01 3.552178386598825455e-03
0.000000000000000000e+00 5.230460762977600098e-01 3.523613326251506805e-03
0.000000000000000000e+00 5.250501036643981934e-01 3.493827302008867264e-03
0.000000000000000000e+00 5.270540714263916016e-01 3.462878987193107605e-03
0.000000000000000000e+00 5.290580987930297852e-01 3.432213561609387398e-03
0.000000000000000000e+00 5.310621261596679688e-01 3.397705266252160072e-03
0.000000000000000000e+00 5.330661535263061523e-01 3.364075673744082451e-03
0.000000000000000000e+00 5.350701212882995605e-01 3.326923120766878128e-03
0.000000000000000000e+00 5.370741486549377441e-01 3.290086518973112106e-03
0.000000000000000000e+00 5.390781164169311523e-01 3.251265268772840500e-03
0.000000000000000000e+00 5.410821437835693359e-01 3.211474744603037834e-03
0.000000000000000000e+00 5.430861711502075195e-01 3.170908428728580475e-03
0.000000000000000000e+00 5.450901985168457031e-01 3.128140699118375778e-03
0.000000000000000000e+00 5.470942258834838867e-01 3.084881464019417763e-03
0.000000000000000000e+00 5.490981936454772949e-01 3.040557494387030602e-03
0.000000000000000000e+00 5.511021614074707031e-01 2.995232585817575455e-03
0.000000000000000000e+00 5.531061887741088867e-01 2.948443172499537468e-03
0.000000000000000000e+00 5.551102161407470703e-01 2.900689840316772461e-03
0.000000000000000000e+00 5.571142435073852539e-01 2.852519741281867027e-03
0.000000000000000000e+00 5.591182708740234375e-01 2.803989220410585403e-03
0.000000000000000000e+00 5.611222386360168457e-01 2.754488959908485413e-03
0.000000000000000000e+00 5.631262063980102539e-01 2.703086007386445999e-03
0.000000000000000000e+00 5.651302337646484375e-01 2.651780843734741211e-03
0.000000000000000000e+00 5.671342611312866211e-01 2.600358566269278526e-03
0.000000000000000000e+00 5.691382884979248047e-01 2.548984950408339500e-03
0.000000000000000000e+00 5.711423158645629883e-01 2.496145665645599365e-03
0.000000000000000000e+00 5.731462836265563965e-01 2.444081939756870270e-03
0.000000000000000000e+00 5.751502513885498047e-01 2.392728114500641823e-03
0.000000000000000000e+00 5.771542787551879883e-01 2.340280916541814804e-03
0.000000000000000000e+00 5.791583061218261719e-01 2.288840012624859810e-03
0.000000000000000000e+00 5.811623334884643555e-01 2.238813322037458420e-03
0.000000000000000000e+00 5.831663608551025391e-01 2.189414575695991516e-03
0.000000000000000000e+00 5.851703286170959473e-01 2.140804892405867577e-03
0.000000000000000000e+00 5.871743559837341309e-01 2.093231072649359703e-03
0.000000000000000000e+00 5.891783237457275391e-01 2.047753427177667618e-03
0.000000000000000000e+00 5.911823511123657227e-01 2.004629932343959808e-03
0.000000000000000000e+00 5.931863784790039062e-01 1.963619608432054520e-03
0.000000000000000000e+00 5.951904058456420898e-01 1.926812226884067059e-03
0.000000000000000000e+00 5.971943736076354980e-01 1.891499501653015614e-03
0.000000000000000000e+00 5.991984009742736816e-01 1.861213007941842079e-03
0.000000000000000000e+00 6.012023687362670898e-01 1.834032707847654819e-03
0.000000000000000000e+00 6.032063961029052734e-01 1.812276779673993587e-03
0.000000000000000000e+00 6.052104234695434570e-01 1.794515410438179970e-03
0.000000000000000000e+00 6.072144508361816406e-01 1.783160027116537094e-03
0.000000000000000000e+00 6.092184185981750488e-01 1.777661731466650963e-03
0.000000000000000000e+00 6.112224459648132324e-01 1.777341938577592373e-03
0.000000000000000000e+00 6.132264137268066406e-01 1.783723128028213978e-03
0.000000000000000000e+00 6.152304410934448242e-01 1.797584351152181625e-03
0.000000000000000000e+00 6.172344684600830078e-01 1.816261443309485912e-03
0.000000000000000000e+00 6.192384958267211914e-01 1.843256177380681038e-03
0.000000000000000000e+00 6.212425231933593750e-01 1.875867485068738461e-03
0.000000000000000000e+00 6.232464909553527832e-01 1.915929373353719711e-03
0.000000000000000000e+00 6.252504587173461914e-01 1.961018424481153488e-03
0.000000000000000000e+00 6.272544860839843750e-01 2.013432793319225311e-03
0.000000000000000000e+00 6.292585134506225586e-01 2.070594346150755882e-03
0.000000000000000000e+00 6.312625408172607422e-01 2.134544309228658676e-03
0.000000000000000000e+00 6.332665681838989258e-01 2.203542273491621017e-03
0.000000000000000000e+00 6.352705359458923340e-01 2.276483224704861641e-03
0.000000000000000000e+00 6.372745037078857422e-01 2.355247037485241890e-03
0.000000000000000000e+00 6.392785310745239258e-01 2.437348011881113052e-03
0.000000000000000000e+00 6.412825584411621094e-01 2.524150302633643150e-03
0.000000000000000000e+00 6.432865858078002930e-01 2.614644123241305351e-03
0.000000000000000000e+00 6.452906131744384766e-01 2.708168933168053627e-03
0.000000000000000000e+00 6.472945809364318848e-01 2.805120544508099556e-03
0.000000000000000000e+00 6.492985486984252930e-01 2.905720844864845276e-03
0.000000000000000000e+00 6.513025760650634766e-01 3.008764702826738358e-03
0.000000000000000000e+00 6.533066034317016602e-01 3.113819751888513565e-03
0.000000000000000000e+00 6.553106307983398438e-01 3.222065744921565056e-03
0.000000000000000000e+00 6.573146581649780273e-01 3.331295447424054146e-03
0.000000000000000000e+00 6.593186259269714355e-01 3.443103749305009842e-03
0.000000000000000000e+00 6.613226532936096191e-01 3.556834300979971886e-03
0.000000000000000000e+00 6.633266210556030273e-01 3.672505496069788933e-03
0.000000000000000000e+00 6.653306484222412109e-01 3.789734328165650368e-03
0.000000000000000000e+00 6.673346757888793945e-01 3.907081671059131622e-03
0.000000000000000000e+00 6.693387031555175781e-01 4.026595037430524826e-03
0.000000000000000000e+00 6.713426709175109863e-01 4.147509112954139709e-03
0.000000000000000000e+00 6.733466982841491699e-01 4.269265569746494293e-03
0.000000000000000000e+00 6.753506660461425781e-01 4.391732625663280487e-03
0.000000000000000000e+00 6.773546934127807617e-01 4.514518193900585175e-03
0.000000000000000000e+00 6.793587207794189453e-01 4.639020189642906189e-03
0.000000000000000000e+00 6.813627481460571289e-01 4.761662334203720093e-03
0.000000000000000000e+00 6.833667159080505371e-01 4.885823465883731842e-03
0.000000000000000000e+00 6.853707432746887207e-01 5.011425353586673737e-03
0.000000000000000000e+00 6.873747110366821289e-01 5.136048886924982071e-03
0.000000000000000000e+00 6.893787384033203125e-01 5.261215381324291229e-03
0.000000000000000000e+00 6.913827657699584961e-01 5.385769996792078018e-03
0.000000000000000000e+00 6.933867931365966797e-01 5.509463138878345490e-03
0.000000000000000000e+00 6.953908205032348633e-01 5.635128822177648544e-03
0.000000000000000000e+00 6.973947882652282715e-01 5.758319515734910965e-03
0.000000000000000000e+00 6.993987560272216797e-01 5.881500430405139923e-03
0.000000000000000000e+00 7.014027833938598633e-01 6.004438735544681549e-03
0.000000000000000000e+00 7.034068107604980469e-01 6.124399136751890182e-03
0.000000000000000000e+00 7.054108381271362305e-01 6.246563978493213654e-03
0.000000000000000000e+00 7.074148654937744141e-01 6.366544403135776520e-03
0.000000000000000000e+00 7.094188332557678223e-01 6.484977900981903076e-03
0.000000000000000000e+00 7.114228010177612305e-01 6.602615583688020706e-03
0.000000000000000000e+00 7.134268283843994141e-01 6.718445103615522385e-03
0.000000000000000000e+00 7.154308557510375977e-01 6.832845509052276611e-03
0.000000000000000000e+00 7.174348831176757812e-01 6.944267079234123230e-03
0.000000000000000000e+00 7.194389104843139648e-01 7.056099828332662582e-03
0.000000000000000000e+00 7.214428782463073730e-01 7.165342103689908981e-03
0.000000000000000000e+00 7.234468460083007812e-01 7.271687965840101242e-03
0.000000000000000000e+00 7.254508733749389648e-01 7.377031724900007248e-03
0.000000000000000000e+00 7.274549007415771484e-01 7.479148451238870621e-03
0.000000000000000000e+00 7.294589281082153320e-01 7.578776217997074127e-03
0.000000000000000000e+00 7.314629554748535156e-01 7.676200475543737411e-03
0.000000000000000000e+00 7.334669232368469238e-01 7.771451491862535477e-03
0.000000000000000000e+00 7.354709506034851074e-01 7.862843573093414307e-03
0.000000000000000000e+00 7.374749183654785156e-01 7.951541803777217865e-03
0.000000000000000000e+00 7.394789457321166992e-01 8.036969229578971863e-03
0.000000000000000000e+00 7.414829730987548828e-01 8.118998259305953979e-03
0.000000000000000000e+00 7.434870004653930664e-01 8.198087103664875031e-03
0.000000000000000000e+00 7.454909682273864746e-01 8.273178711533546448e-03
0.000000000000000000e+00 7.474949955940246582e-01 8.344221860170364380e-03
0.000000000000000000e+00 7.494989633560180664e-01 8.411263115704059601e-03
0.000000000000000000e+00 7.515029907226562500e-01 8.474116213619709015e-03
0.000000000000000000e+00 7.535070180892944336e-01 8.533793501555919647e-03
0.000000000000000000e+00 7.555110454559326172e-01 8.587953634560108185e-03
0.000000000000000000e+00 7.575150132179260254e-01 8.637587539851665497e-03
0.000000000000000000e+00 7.595190405845642090e-01 8.682913146913051605e-03
0.000000000000000000e+00 7.615230083465576172e-01 8.723860606551170349e-03
0.000000000000000000e+00 7.635270357131958008e-01 8.757916279137134552e-03
0.000000000000000000e+00 7.655310630798339844e-01 8.787456899881362915e-03
0.000000000000000000e+00 7.675350904464721680e-01 8.812644518911838531e-03
0.000000000000000000e+00 7.695390582084655762e-01 8.830291219055652618e-03
0.000000000000000000e+00 7.715430855751037598e-01 8.842242881655693054e-03
0.000000000000000000e+00 7.735471129417419434e-01 8.850186131894588470e-03
0.000000000000000000e+00 7.755510807037353516e-01 8.849753066897392273e-03
0.000000000000000000e+00 7.775551080703735352e-01 8.844478987157344818e-03
0.000000000000000000e+00 7.795591354370117188e-01 8.830898441374301910e-03
0.000000000000000000e+00 7.815631031990051270e-01 8.811899460852146149e-03
0.000000000000000000e+00 7.835671305656433105e-01 8.786178193986415863e-03
0.000000000000000000e+00 7.855711579322814941e-01 8.753420785069465637e-03
0.000000000000000000e+00 7.875751256942749023e-01 8.711501955986022949e-03
0.000000000000000000e+00 7.895791530609130859e-01 8.663897402584552765e-03
0.000000000000000000e+00 7.915831804275512695e-01 8.607805706560611725e-03
0.000000000000000000e+00 7.935872077941894531e-01 8.543962612748146057e-03
0.000000000000000000e+00 7.955911755561828613e-01 8.471807464957237244e-03
0.000000000000000000e+00 7.975952029228210449e-01 8.391898125410079956e-03
0.000000000000000000e+00 7.995991706848144531e-01 8.304516784846782684e-03
0.000000000000000000e+00 8.016031980514526367e-01 8.207821287214756012e-03
0.000000000000000000e+00 8.036072254180908203e-01 8.101304061710834503e-03
0.000000000000000000e+00 8.056112527847290039e-01 7.986504584550857544e-03
0.000000000000000000e+00 8.076152205467224121e-01 7.861274294555187225e-03
0.000000000000000000e+00 8.096192479133605957e-01 7.728614844381809235e-03
0.000000000000000000e+00 8.116232156753540039e-01 7.586697582155466080e-03
0.000000000000000000e+00 8.136272430419921875e-01 7.433255203068256378e-03
0.000000000000000000e+00 8.156312704086303711e-01 7.271082606166601181e-03
0.000000000000000000e+00 8.176352977752685547e-01 7.097685709595680237e-03
0.000000000000000000e+00 8.196392655372619629e-01 6.915083155035972595e-03
0.000000000000000000e+00 8.216432929039001465e-01 6.722551304847002029e-03
0.000000000000000000e+00 8.236472606658935547e-01 6.519471295177936554e-03
0.000000000000000000e+00 8.256512880325317383e-01 6.305317394435405731e-03
0.000000000000000000e+00 8.276553153991699219e-01 6.081533152610063553e-03
0.000000000000000000e+00 8.296593427658081055e-01 5.845662206411361694e-03
0.000000000000000000e+00 8.316633105278015137e-01 5.600201431661844254e-03
0.000000000000000000e+00 8.336673378944396973e-01 5.342655349522829056e-03
0.000000000000000000e+00 8.356713056564331055e-01 5.074727348983287811e-03
0.000000000000000000e+00 8.376753330230712891e-01 4.795715678483247757e-03
0.000000000000000000e+00 8.396793603897094727e-01 4.507080186158418655e-03
0.000000000000000000e+00 8.416833877563476562e-01 4.207414109259843826e-03
0.000000000000000000e+00 8.436873555183410645e-01 3.896642941981554031e-03
0.000000000000000000e+00 8.456913828849792480e-01 3.576828865334391594e-03
0.000000000000000000e+00 8.476954102516174316e-01 3.246969077736139297e-03
0.000000000000000000e+00 8.496993780136108398e-01 2.908710623160004616e-03
0.000000000000000000e+00 8.517034053802490234e-01 2.563065849244594574e-03
0.000000000000000000e+00 8.537074327468872070e-01 2.210127422586083412e-03
0.000000000000000000e+00 8.557114005088806152e-01 1.856037066318094730e-03
0.000000000000000000e+00 8.577154278755187988e-01 1.508576096966862679e-03
0.000000000000000000e+00 8.597194552421569824e-01 1.180653111077845097e-03
0.000000000000000000e+00 8.617234230041503906e-01 9.102155454456806183e-04
0.000000000000000000e+00 8.637274503707885742e-01 7.772553944960236549e-04
0.000000000000000000e+00 8.657314777374267578e-01 8.635883568786084652e-04
0.000000000000000000e+00 8.677355051040649414e-01 1.128112664446234703e-03
0.000000000000000000e+00 8.697394728660583496e-01 1.486590248532593250e-03
0.000000000000000000e+00 8.717435002326965332e-01 1.890933141112327576e-03
0.000000000000000000e+00 8.737474679946899414e-01 2.320132451131939888e-03
0.000000000000000000e+00 8.757514953613281250e-01 2.767038997262716293e-03
0.000000000000000000e+00 8.777555227279663086e-01 3.223708830773830414e-03
0.000000000000000000e+00 8.797595500946044922e-01 3.687622724100947380e-03
0.000000000000000000e+00 8.817635178565979004e-01 4.157713148742914200e-03
0.000000000000000000e+00 8.837675452232360840e-01 4.629978444427251816e-03
0.000000000000000000e+00 8.857715129852294922e-01 5.103679839521646500e-03
0.000000000000000000e+00 8.877755403518676758e-01 5.576075054705142975e-03
0.000000000000000000e+00 8.897795677185058594e-01 6.047305185347795486e-03
0.000000000000000000e+00 8.917835950851440430e-01 6.512805819511413574e-03
0.000000000000000000e+00 8.937875628471374512e-01 6.971291732043027878e-03
0.000000000000000000e+00 8.957915902137756348e-01 7.420076057314872742e-03
0.000000000000000000e+00 8.977955579757690430e-01 7.857341319322586060e-03
0.000000000000000000e+00 8.997995853424072266e-01 8.280583657324314117e-03
0.000000000000000000e+00 9.018036127090454102e-01 8.685731329023838043e-03
0.000000000000000000e+00 9.038076400756835938e-01 9.069822728633880615e-03
0.000000000000000000e+00 9.058116078376770020e-01 9.429668076336383820e-03
0.000000000000000000e+00 9.078156352043151855e-01 9.761762805283069611e-03
0.000000000000000000e+00 9.098196625709533691e-01 1.006283517926931381e-02
0.000000000000000000e+00 9.118236303329467773e-01 1.032831426709890366e-02
0.000000000000000000e+00 9.138276576995849609e-01 1.055377069860696793e-02
0.000000000000000000e+00 9.158316850662231445e-01 1.073367893695831299e-02
0.000000000000000000e+00 9.178356528282165527e-01 1.086553651839494705e-02
0.000000000000000000e+00 9.198396801948547363e-01 1.094304677098989487e-02
0.000000000000000000e+00 9.218437075614929199e-01 1.096204575151205063e-02
0.000000000000000000e+00 9.238476753234863281e-01 1.091527752578258514e-02
0.000000000000000000e+00 9.258517026901245117e-01 1.080180611461400986e-02
0.000000000000000000e+00 9.278557300567626953e-01 1.061343029141426086e-02
0.000000000000000000e+00 9.298596978187561035e-01 1.034796983003616333e-02
0.000000000000000000e+00 9.318637251853942871e-01 1.000124961137771606e-02
0.000000000000000000e+00 9.338677525520324707e-01 9.571425616741180420e-03
0.000000000000000000e+00 9.358717203140258789e-01 9.059722535312175751e-03
0.000000000000000000e+00 9.378757476806640625e-01 8.471521548926830292e-03
0.000000000000000000e+00 9.398797750473022461e-01 7.816972211003303528e-03
0.000000000000000000e+00 9.418837428092956543e-01 7.119235116988420486e-03
0.000000000000000000e+00 9.438877701759338379e-01 6.421814206987619400e-03
0.000000000000000000e+00 9.458917975425720215e-01 5.803133361041545868e-03
0.000000000000000000e+00 9.478957653045654297e-01 5.386819597333669662e-03
0.000000000000000000e+00 9.498997926712036133e-01 5.332522559911012650e-03
0.000000000000000000e+00 9.519038200378417969e-01 5.763929802924394608e-03
0.000000000000000000e+00 9.539077877998352051e-01 6.685431580990552902e-03
0.000000000000000000e+00 9.559118151664733887e-01 8.005753159523010254e-03
0.000000000000000000e+00 9.579158425331115723e-01 9.615475311875343323e-03
0.000000000000000000e+00 9.599198102951049805e-01 1.141561474651098251e-02
0.000000000000000000e+00 9.619238376617431641e-01 1.331885997205972672e-02
0.000000000000000000e+00 9.639278650283813477e-01 1.523006148636341095e-02
0.000000000000000000e+00 9.659318923950195312e-01 1.703304052352905273e-02
0.000000000000000000e+00 9.679358601570129395e-01 1.857401430606842041e-02
0.000000000000000000e+00 9.699398875236511230e-01 1.963256672024726868e-02
0.000000000000000000e+00 9.719439148902893066e-01 1.989931240677833557e-02
0.000000000000000000e+00 9.739478826522827148e-01 1.892912760376930237e-02
0.000000000000000000e+00 9.759519100189208984e-01 1.610745675861835480e-02
0.000000000000000000e+00 9.779559373855590820e-01 1.062984392046928406e-02
0.000000000000000000e+00 9.799599051475524902e-01 1.905939308926463127e-03
0.000000000000000000e+00 9.819639325141906738e-01 1.220919098705053329e-02
0.000000000000000000e+00 9.839679598808288574e-01 3.020532242953777313e-02
0.000000000000000000e+00 9.859719276428222656e-01 5.058869719505310059e-02
0.000000000000000000e+00 9.879759550094604492e-01 6.748265027999877930e-02
0.000000000000000000e+00 9.899799823760986328e-01 7.100196182727813721e-02
0.000000000000000000e+00 9.919839501380920410e-01 5.078282579779624939e-02
0.000000000000000000e+00 9.939879775047302246e-01 1.296674180775880814e-02
0.000000000000000000e+00 9.959920048713684082e-01 8.267812430858612061e-02
0.000000000000000000e+00 9.979959726333618164e-01 2.158854007720947266e-01
0.000000000000000000e+00 1.000000000000000000e+00 4.710018932819366455e-01
