0.000000000000000000e+00 0.000000000000000000e+00 1.000000000000000000e+00
1.002003997564315796e-02 0.000000000000000000e+00 9.965718984603881836e-01
2.004007995128631592e-02 0.000000000000000000e+00 9.875563383102416992e-01
3.006011992692947388e-02 0.000000000000000000e+00 8.907493948936462402e-01
4.008015990257263184e-02 0.000000000000000000e+00 3.523470759391784668e-01
5.010019987821578979e-02 0.000000000000000000e+00 1.068234443664550781e-03
6.012023985385894775e-02 0.000000000000000000e+00 9.875535964965820312e-03
7.014027982950210571e-02 0.000000000000000000e+00 2.196192741394042969e-02
8.016031980514526367e-02 0.000000000000000000e+00 2.838730812072753906e-03
9.018035978078842163e-02 0.000000000000000000e+00 5.387663841247558594e-03
1.002003997564315796e-01 0.000000000000000000e+00 2.173066139221191406e-03
1.102204397320747375e-01 0.000000000000000000e+00 1.363539695739746094e-02
1.202404797077178955e-01 0.000000000000000000e+00 1.873278617858886719e-02
1.302605271339416504e-01 0.000000000000000000e+00 2.966326475143432617e-02
1.402805596590042114e-01 0.000000000000000000e+00 8.656871318817138672e-02
1.503005921840667725e-01 0.000000000000000000e+00 9.378898143768310547e-02
1.603206396102905273e-01 0.000000000000000000e+00 7.301819324493408203e-02
1.703406870365142822e-01 0.000000000000000000e+00 5.415540933609008789e-02
1.803607195615768433e-01 0.000000000000000000e+00 3.817433118820190430e-02
1.903807520866394043e-01 0.000000000000000000e+00 2.449101209640502930e-02
2.004007995128631592e-01 0.000000000000000000e+00 1.525723934173583984e-02
2.104208469390869141e-01 0.000000000000000000e+00 9.492754936218261719e-03
2.204408794641494751e-01 0.000000000000000000e+00 5.661487579345703125e-03
2.304609119892120361e-01 0.000000000000000000e+00 2.849996089935302734e-03
2.404809594154357910e-01 0.000000000000000000e+00 6.415843963623046875e-04
2.505010068416595459e-01 0.000000000000000000e+00 1.135945320129394531e-03
2.605210542678833008e-01 0.000000000000000000e+00 2.552151679992675781e-03
2.705410718917846680e-01 0.000000000000000000e+00 3.658652305603027344e-03
2.805611193180084229e-01 0.000000000000000000e+00 4.492282867431640625e-03
2.905811667442321777e-01 0.000000000000000000e+00 5.087614059448242188e-03
3.006011843681335449e-01 0.000000000000000000e+00 5.483746528625488281e-03
3.106212317943572998e-01 0.000000000000000000e+00 5.714535713195800781e-03
3.206412792205810547e-01 0.000000000000000000e+00 5.810499191284179688e-03
3.306613266468048096e-01 0.000000000000000000e+00 5.799055099487304688e-03
3.406813740730285645e-01 0.000000000000000000e+00 5.706548690795898438e-03
3.507013916969299316e-01 0.000000000000000000e+00 5.552291870117187500e-03
3.607214391231536865e-01 0.000000000000000000e+00 5.342721939086914062e-03
3.707414865493774414e-01 0.000000000000000000e+00 5.101799964904785156e-03
3.807615041732788086e-01 0.000000000000000000e+00 4.832148551940917969e-03
3.907815515995025635e-01 0.000000000000000000e+00 4.544258117675781250e-03
4.008015990257263184e-01 0.000000000000000000e+00 4.244327545166015625e-03
4.108216464519500732e-01 0.000000000000000000e+00 3.931999206542968750e-03
4.208416938781738281e-01 0.000000000000000000e+00 3.610968589782714844e-03
4.308617115020751953e-01 0.000000000000000000e+00 3.290653228759765625e-03
4.408817589282989502e-01 0.000000000000000000e+00 2.966880798339843750e-03
4.509018063545227051e-01 0.000000000000000000e+00 2.641797065734863281e-03
4.609218239784240723e-01 0.000000000000000000e+00 2.319455146789550781e-03
4.709418714046478271e-01 0.000000000000000000e+00 1.992583274841308594e-03
4.809619188308715820e-01 0.000000000000000000e+00 1.672863960266113281e-03
4.909819662570953369e-01 0.000000000000000000e+00 1.355171203613281250e-03
5.010020136833190918e-01 0.000000000000000000e+00 1.041769981384277344e-03
5.110220313072204590e-01 0.000000000000000000e+00 7.318258285522460938e-04
5.210421085357666016e-01 0.000000000000000000e+00 4.272460937500000000e-04
5.310621261596679688e-01 0.000000000000000000e+00 1.267194747924804688e-04
5.410821437835693359e-01 0.000000000000000000e+00 1.685023307800292969e-04
5.511022210121154785e-01 0.000000000000000000e+00 4.537701606750488281e-04
5.611222386360168457e-01 0.000000000000000000e+00 7.376670837402343750e-04
5.711422562599182129e-01 0.000000000000000000e+00 1.008152961730957031e-03
5.811623334884643555e-01 0.000000000000000000e+00 1.270949840545654297e-03
5.911823511123657227e-01 0.000000000000000000e+00 1.526951789855957031e-03
6.012023687362670898e-01 0.000000000000000000e+00 1.775681972503662109e-03
6.112224459648132324e-01 0.000000000000000000e+00 2.015292644500732422e-03
6.212424635887145996e-01 0.000000000000000000e+00 2.244293689727783203e-03
6.312625408172607422e-01 0.000000000000000000e+00 2.467215061187744141e-03
6.412825584411621094e-01 0.000000000000000000e+00 2.673923969268798828e-03
6.513025760650634766e-01 0.000000000000000000e+00 2.879261970520019531e-03
6.613226532936096191e-01 0.000000000000000000e+00 3.072202205657958984e-03
6.713426709175109863e-01 0.000000000000000000e+00 3.247797489166259766e-03
6.813627481460571289e-01 0.000000000000000000e+00 3.416240215301513672e-03
6.913827657699584961e-01 0.000000000000000000e+00 3.583431243896484375e-03
7.014027833938598633e-01 0.000000000000000000e+00 3.729045391082763672e-03
7.114228606224060059e-01 0.000000000000000000e+00 3.873944282531738281e-03
7.214428782463073730e-01 0.000000000000000000e+00 4.003584384918212891e-03
7.314628958702087402e-01 0.000000000000000000e+00 4.118323326110839844e-03
7.414829730987548828e-01 0.000000000000000000e+00 4.232108592987060547e-03
7.515029907226562500e-01 0.000000000000000000e+00 4.341006278991699219e-03
7.615230083465576172e-01 0.000000000000000000e+00 4.431009292602539062e-03
7.715430855751037598e-01 0.000000000000000000e+00 4.516303539276123047e-03
7.815631031990051270e-01 0.000000000000000000e+00 4.594147205352783203e-03
7.915831804275512695e-01 0.000000000000000000e+00 4.661560058593750000e-03
8.016031980514526367e-01 0.000000000000000000e+00 4.719376564025878906e-03
8.116232156753540039e-01 0.000000000000000000e+00 4.770278930664062500e-03
8.216432929039001465e-01 0.000000000000000000e+00 4.812538623809814453e-03
8.316633105278015137e-01 0.000000000000000000e+00 4.850149154663085938e-03
8.416833877563476562e-01 0.000000000000000000e+00 4.872143268585205078e-03
8.517034053802490234e-01 0.000000000000000000e+00 4.896581172943115234e-03
8.617234230041503906e-01 0.000000000000000000e+00 4.910588264465332031e-03
8.717435002326965332e-01 0.000000000000000000e+00 4.915297031402587891e-03
8.817635178565979004e-01 0.000000000000000000e+00 4.924118518829345703e-03
8.917835354804992676e-01 0.000000000000000000e+00 4.909515380859375000e-03
9.018036127090454102e-01 0.000000000000000000e+00 4.901289939880371094e-03
9.118236303329467773e-01 0.000000000000000000e+00 4.885554313659667969e-03
9.218436479568481445e-01 0.000000000000000000e+00 4.863679409027099609e-03
9.318637251853942871e-01 0.000000000000000000e+00 4.846036434173583984e-03
9.418837428092956543e-01 0.000000000000000000e+00 4.804968833923339844e-03
9.519038200378417969e-01 0.000000000000000000e+00 4.765570163726806641e-03
9.619238376617431641e-01 0.000000000000000000e+00 4.730761051177978516e-03
9.719438552856445312e-01 0.000000000000000000e+00 4.681110382080078125e-03
9.819639325141906738e-01 0.000000000000000000e+00 4.633009433746337891e-03
9.919839501380920410e-01 0.000000000000000000e+00 4.577934741973876953e-03
1.002004027366638184e+00 0.000000000000000000e+00 4.516899585723876953e-03
1.012024044990539551e+00 0.000000000000000000e+00 4.456698894500732422e-03
1.022044062614440918e+00 0.000000000000000000e+00 4.394829273223876953e-03
1.032064080238342285e+00 0.000000000000000000e+00 4.321396350860595703e-03
1.042084217071533203e+00 0.000000000000000000e+00 4.259824752807617188e-03
1.052104234695434570e+00 0.000000000000000000e+00 4.173636436462402344e-03
1.062124252319335938e+00 0.000000000000000000e+00 4.099249839782714844e-03
1.072144269943237305e+00 0.000000000000000000e+00 4.024624824523925781e-03
1.082164287567138672e+00 0.000000000000000000e+00 3.936350345611572266e-03
1.092184305191040039e+00 0.000000000000000000e+00 3.857016563415527344e-03
1.102204442024230957e+00 0.000000000000000000e+00 3.769516944885253906e-03
1.112224459648132324e+00 0.000000000000000000e+00 3.682613372802734375e-03
1.122244477272033691e+00 0.000000000000000000e+00 3.593802452087402344e-03
1.132264494895935059e+00 0.000000000000000000e+00 3.507792949676513672e-03
1.142284512519836426e+00 0.000000000000000000e+00 3.410220146179199219e-03
1.152304649353027344e+00 0.000000000000000000e+00 3.323793411254882812e-03
1.162324666976928711e+00 0.000000000000000000e+00 3.224611282348632812e-03
1.172344684600830078e+00 0.000000000000000000e+00 3.123641014099121094e-03
1.182364702224731445e+00 0.000000000000000000e+00 3.040850162506103516e-03
1.192384719848632812e+00 0.000000000000000000e+00 2.931892871856689453e-03
1.202404737472534180e+00 0.000000000000000000e+00 2.834200859069824219e-03
1.212424874305725098e+00 0.000000000000000000e+00 2.734005451202392578e-03
1.222444891929626465e+00 0.000000000000000000e+00 2.632439136505126953e-03
1.232464909553527832e+00 0.000000000000000000e+00 2.538621425628662109e-03
1.242484927177429199e+00 0.000000000000000000e+00 2.435445785522460938e-03
1.252504944801330566e+00 0.000000000000000000e+00 2.343416213989257812e-03
1.262525081634521484e+00 0.000000000000000000e+00 2.240121364593505859e-03
1.272545099258422852e+00 0.000000000000000000e+00 2.133607864379882812e-03
1.282565116882324219e+00 0.000000000000000000e+00 2.039134502410888672e-03
1.292585134506225586e+00 0.000000000000000000e+00 1.942217350006103516e-03
1.302605152130126953e+00 0.000000000000000000e+00 1.845061779022216797e-03
1.312625288963317871e+00 0.000000000000000000e+00 1.742601394653320312e-03
1.322645306587219238e+00 0.000000000000000000e+00 1.652061939239501953e-03
1.332665324211120605e+00 0.000000000000000000e+00 1.555860042572021484e-03
1.342685341835021973e+00 0.000000000000000000e+00 1.458823680877685547e-03
1.352705359458923340e+00 0.000000000000000000e+00 1.356542110443115234e-03
1.362725496292114258e+00 0.000000000000000000e+00 1.275479793548583984e-03
1.372745513916015625e+00 0.000000000000000000e+00 1.175522804260253906e-03
1.382765531539916992e+00 0.000000000000000000e+00 1.082360744476318359e-03
1.392785549163818359e+00 0.000000000000000000e+00 9.890198707580566406e-04
1.402805566787719727e+00 0.000000000000000000e+00 9.055733680725097656e-04
1.412825584411621094e+00 0.000000000000000000e+00 8.074045181274414062e-04
1.422845721244812012e+00 0.000000000000000000e+00 7.173418998718261719e-04
1.432865738868713379e+00 0.000000000000000000e+00 6.304979324340820312e-04
1.442885756492614746e+00 0.000000000000000000e+00 5.517005920410156250e-04
1.452905774116516113e+00 0.000000000000000000e+00 4.805326461791992188e-04
1.462925791740417480e+00 0.000000000000000000e+00 3.942847251892089844e-04
1.472945928573608398e+00 0.000000000000000000e+00 2.974271774291992188e-04
1.482965946197509766e+00 0.000000000000000000e+00 2.307891845703125000e-04
1.492985963821411133e+00 0.000000000000000000e+00 1.558065414428710938e-04
1.503005981445312500e+00 0.000000000000000000e+00 7.772445678710937500e-05
1.513025999069213867e+00 0.000000000000000000e+00 5.364418029785156250e-07
1.523046016693115234e+00 0.000000000000000000e+00 6.127357482910156250e-05
1.533066153526306152e+00 0.000000000000000000e+00 1.420974731445312500e-04
1.543086171150207520e+00 0.000000000000000000e+00 2.101659774780273438e-04
1.553106188774108887e+00 0.000000000000000000e+00 2.692937850952148438e-04
1.563126206398010254e+00 0.000000000000000000e+00 3.409385681152343750e-04
1.573146224021911621e+00 0.000000000000000000e+00 4.026889801025390625e-04
1.583166360855102539e+00 0.000000000000000000e+00 4.731416702270507812e-04
1.593186378479003906e+00 0.000000000000000000e+00 5.297660827636718750e-04
1.603206396102905273e+00 0.000000000000000000e+00 5.862712860107421875e-04
1.613226413726806641e+00 0.000000000000000000e+00 6.417036056518554688e-04
1.623246431350708008e+00 0.000000000000000000e+00 6.979703903198242188e-04
1.633266568183898926e+00 0.000000000000000000e+00 7.487535476684570312e-04
1.643286585807800293e+00 0.000000000000000000e+00 8.022785186767578125e-04
1.653306603431701660e+00 0.000000000000000000e+00 8.563995361328125000e-04
1.663326621055603027e+00 0.000000000000000000e+00 8.907318115234375000e-04
1.673346638679504395e+00 0.000000000000000000e+00 9.498596191406250000e-04
1.683366775512695312e+00 0.000000000000000000e+00 9.852647781372070312e-04
1.693386793136596680e+00 0.000000000000000000e+00 1.035213470458984375e-03
1.703406810760498047e+00 0.000000000000000000e+00 1.077413558959960938e-03
1.713426828384399414e+00 0.000000000000000000e+00 1.107931137084960938e-03
1.723446846008300781e+00 0.000000000000000000e+00 1.145243644714355469e-03
1.733466863632202148e+00 0.000000000000000000e+00 1.181006431579589844e-03
1.743487000465393066e+00 0.000000000000000000e+00 1.214861869812011719e-03
1.753507018089294434e+00 0.000000000000000000e+00 1.248478889465332031e-03
1.763527035713195801e+00 0.000000000000000000e+00 1.275658607482910156e-03
1.773547053337097168e+00 0.000000000000000000e+00 1.311659812927246094e-03
1.783567070960998535e+00 0.000000000000000000e+00 1.336097717285156250e-03
1.793587207794189453e+00 0.000000000000000000e+00 1.353740692138671875e-03
1.803607225418090820e+00 0.000000000000000000e+00 1.381874084472656250e-03
1.813627243041992188e+00 0.000000000000000000e+00 1.392960548400878906e-03
1.823647260665893555e+00 0.000000000000000000e+00 1.413226127624511719e-03
1.833667278289794922e+00 0.000000000000000000e+00 1.420140266418457031e-03
1.843687295913696289e+00 0.000000000000000000e+00 1.457571983337402344e-03
1.853707432746887207e+00 0.000000000000000000e+00 1.470446586608886719e-03
1.863727450370788574e+00 0.000000000000000000e+00 1.487135887145996094e-03
1.873747467994689941e+00 0.000000000000000000e+00 1.497745513916015625e-03
1.883767485618591309e+00 0.000000000000000000e+00 1.508235931396484375e-03
1.893787503242492676e+00 0.000000000000000000e+00 1.501679420471191406e-03
1.903807640075683594e+00 0.000000000000000000e+00 1.524090766906738281e-03
1.913827657699584961e+00 0.000000000000000000e+00 1.535534858703613281e-03
1.923847675323486328e+00 0.000000000000000000e+00 1.536488533020019531e-03
1.933867692947387695e+00 0.000000000000000000e+00 1.538991928100585938e-03
1.943887710571289062e+00 0.000000000000000000e+00 1.542687416076660156e-03
1.953907847404479980e+00 0.000000000000000000e+00 1.551628112792968750e-03
1.963927865028381348e+00 0.000000000000000000e+00 1.546502113342285156e-03
1.973947882652282715e+00 0.000000000000000000e+00 1.533269882202148438e-03
1.983967900276184082e+00 0.000000000000000000e+00 1.539826393127441406e-03
1.993987917900085449e+00 0.000000000000000000e+00 1.537919044494628906e-03
2.004008054733276367e+00 0.000000000000000000e+00 1.518130302429199219e-03
2.014028072357177734e+00 0.000000000000000000e+00 1.529455184936523438e-03
2.024048089981079102e+00 0.000000000000000000e+00 1.523256301879882812e-03
2.034068107604980469e+00 0.000000000000000000e+00 1.513361930847167969e-03
2.044088125228881836e+00 0.000000000000000000e+00 1.506209373474121094e-03
2.054108142852783203e+00 0.000000000000000000e+00 1.495599746704101562e-03
2.064128160476684570e+00 0.000000000000000000e+00 1.488804817199707031e-03
2.074148178100585938e+00 0.000000000000000000e+00 1.474857330322265625e-03
2.084168434143066406e+00 0.000000000000000000e+00 1.443386077880859375e-03
2.094188451766967773e+00 0.000000000000000000e+00 1.435875892639160156e-03
2.104208469390869141e+00 0.000000000000000000e+00 1.435279846191406250e-03
2.114228487014770508e+00 0.000000000000000000e+00 1.422405242919921875e-03
2.124248504638671875e+00 0.000000000000000000e+00 1.401185989379882812e-03
2.134268522262573242e+00 0.000000000000000000e+00 1.385807991027832031e-03
2.144288539886474609e+00 0.000000000000000000e+00 1.356124877929687500e-03
2.154308557510375977e+00 0.000000000000000000e+00 1.351118087768554688e-03
2.164328575134277344e+00 0.000000000000000000e+00 1.322627067565917969e-03
2.174348592758178711e+00 0.000000000000000000e+00 1.302599906921386719e-03
2.184368610382080078e+00 0.000000000000000000e+00 1.296877861022949219e-03
2.194388866424560547e+00 0.000000000000000000e+00 1.268863677978515625e-03
2.204408884048461914e+00 0.000000000000000000e+00 1.244187355041503906e-03
2.214428901672363281e+00 0.000000000000000000e+00 1.233696937561035156e-03
2.224448919296264648e+00 0.000000000000000000e+00 1.202106475830078125e-03
2.234468936920166016e+00 0.000000000000000000e+00 1.191139221191406250e-03
2.244488954544067383e+00 0.000000000000000000e+00 1.161098480224609375e-03
2.254508972167968750e+00 0.000000000000000000e+00 1.134753227233886719e-03
2.264528989791870117e+00 0.000000000000000000e+00 1.110553741455078125e-03
2.274549007415771484e+00 0.000000000000000000e+00 1.077175140380859375e-03
2.284569025039672852e+00 0.000000000000000000e+00 1.061677932739257812e-03
2.294589042663574219e+00 0.000000000000000000e+00 1.037955284118652344e-03
2.304609298706054688e+00 0.000000000000000000e+00 1.019120216369628906e-03
2.314629316329956055e+00 0.000000000000000000e+00 1.005172729492187500e-03
2.324649333953857422e+00 0.000000000000000000e+00 9.766817092895507812e-04
2.334669351577758789e+00 0.000000000000000000e+00 9.428262710571289062e-04
2.344689369201660156e+00 0.000000000000000000e+00 9.213685989379882812e-04
2.354709386825561523e+00 0.000000000000000000e+00 8.928775787353515625e-04
2.364729404449462891e+00 0.000000000000000000e+00 8.687973022460937500e-04
2.374749422073364258e+00 0.000000000000000000e+00 8.305311203002929688e-04
2.384769439697265625e+00 0.000000000000000000e+00 8.068084716796875000e-04
2.394789457321166992e+00 0.000000000000000000e+00 7.827281951904296875e-04
2.404809474945068359e+00 0.000000000000000000e+00 7.548332214355468750e-04
2.414829730987548828e+00 0.000000000000000000e+00 7.356405258178710938e-04
2.424849748611450195e+00 0.000000000000000000e+00 7.082223892211914062e-04
2.434869766235351562e+00 0.000000000000000000e+00 6.833076477050781250e-04
2.444889783859252930e+00 0.000000000000000000e+00 6.580352783203125000e-04
2.454909801483154297e+00 0.000000000000000000e+00 6.169080734252929688e-04
2.464929819107055664e+00 0.000000000000000000e+00 5.837678909301757812e-04
2.474949836730957031e+00 0.000000000000000000e+00 5.813837051391601562e-04
2.484969854354858398e+00 0.000000000000000000e+00 5.574226379394531250e-04
2.494989871978759766e+00 0.000000000000000000e+00 5.171298980712890625e-04
2.505010128021240234e+00 0.000000000000000000e+00 4.968643188476562500e-04
2.515030145645141602e+00 0.000000000000000000e+00 4.578828811645507812e-04
2.525050163269042969e+00 0.000000000000000000e+00 4.476308822631835938e-04
2.535070180892944336e+00 0.000000000000000000e+00 4.315376281738281250e-04
2.545090198516845703e+00 0.000000000000000000e+00 3.815889358520507812e-04
2.555110216140747070e+00 0.000000000000000000e+00 3.658533096313476562e-04
2.565130233764648438e+00 0.000000000000000000e+00 3.306865692138671875e-04
2.575150251388549805e+00 0.000000000000000000e+00 3.248453140258789062e-04
2.585170269012451172e+00 0.000000000000000000e+00 2.995729446411132812e-04
2.595190525054931641e+00 0.000000000000000000e+00 2.627372741699218750e-04
2.605210542678833008e+00 0.000000000000000000e+00 2.425909042358398438e-04
2.615230560302734375e+00 0.000000000000000000e+00 2.288818359375000000e-04
2.625250577926635742e+00 0.000000000000000000e+00 1.987218856811523438e-04
2.635270595550537109e+00 0.000000000000000000e+00 1.609325408935546875e-04
2.645290613174438477e+00 0.000000000000000000e+00 1.481771469116210938e-04
2.655310630798339844e+00 0.000000000000000000e+00 1.331567764282226562e-04
2.665330648422241211e+00 0.000000000000000000e+00 9.500980377197265625e-05
2.675350666046142578e+00 0.000000000000000000e+00 6.401538848876953125e-05
2.685370683670043945e+00 0.000000000000000000e+00 3.790855407714843750e-05
2.695390701293945312e+00 0.000000000000000000e+00 5.483627319335937500e-06
2.705410957336425781e+00 0.000000000000000000e+00 1.358985900878906250e-05
2.715430974960327148e+00 0.000000000000000000e+00 1.955032348632812500e-05
2.725450992584228516e+00 0.000000000000000000e+00 3.015995025634765625e-05
2.735471010208129883e+00 0.000000000000000000e+00 6.544589996337890625e-05
2.745491027832031250e+00 0.000000000000000000e+00 7.480382919311523438e-05
2.755511045455932617e+00 0.000000000000000000e+00 9.530782699584960938e-05
2.765531063079833984e+00 0.000000000000000000e+00 1.074671745300292969e-04
2.775551080703735352e+00 0.000000000000000000e+00 1.401305198669433594e-04
2.785571098327636719e+00 0.000000000000000000e+00 1.613497734069824219e-04
2.795591115951538086e+00 0.000000000000000000e+00 1.887083053588867188e-04
2.805611133575439453e+00 0.000000000000000000e+00 2.126097679138183594e-04
2.815631389617919922e+00 0.000000000000000000e+00 2.104640007019042969e-04
2.825651407241821289e+00 0.000000000000000000e+00 2.446174621582031250e-04
2.835671424865722656e+00 0.000000000000000000e+00 2.623200416564941406e-04
2.845691442489624023e+00 0.000000000000000000e+00 2.604126930236816406e-04
2.855711460113525391e+00 0.000000000000000000e+00 2.670288085937500000e-04
2.865731477737426758e+00 0.000000000000000000e+00 3.038644790649414062e-04
2.875751495361328125e+00 0.000000000000000000e+00 3.092885017395019531e-04
2.885771512985229492e+00 0.000000000000000000e+00 3.425478935241699219e-04
2.895791530609130859e+00 0.000000000000000000e+00 3.511905670166015625e-04
2.905811548233032227e+00 0.000000000000000000e+00 3.659129142761230469e-04
2.915831565856933594e+00 0.000000000000000000e+00 3.767609596252441406e-04
2.925851821899414062e+00 0.000000000000000000e+00 3.854632377624511719e-04
2.935871839523315430e+00 0.000000000000000000e+00 4.101991653442382812e-04
2.945891857147216797e+00 0.000000000000000000e+00 4.233121871948242188e-04
2.955911874771118164e+00 0.000000000000000000e+00 4.379153251647949219e-04
2.965931892395019531e+00 0.000000000000000000e+00 4.388689994812011719e-04
2.975951910018920898e+00 0.000000000000000000e+00 4.549026489257812500e-04
2.985971927642822266e+00 0.000000000000000000e+00 4.695653915405273438e-04
2.995991945266723633e+00 0.000000000000000000e+00 4.884004592895507812e-04
3.006011962890625000e+00 0.000000000000000000e+00 5.025267601013183594e-04
3.016032218933105469e+00 0.000000000000000000e+00 4.943609237670898438e-04
3.026051998138427734e+00 0.000000000000000000e+00 5.185604095458984375e-04
3.036072254180908203e+00 0.000000000000000000e+00 5.401372909545898438e-04
3.046092033386230469e+00 0.000000000000000000e+00 5.533695220947265625e-04
3.056112289428710938e+00 0.000000000000000000e+00 5.502700805664062500e-04
3.066132307052612305e+00 0.000000000000000000e+00 5.695819854736328125e-04
3.076152324676513672e+00 0.000000000000000000e+00 5.854964256286621094e-04
3.086172342300415039e+00 0.000000000000000000e+00 5.882382392883300781e-04
3.096192359924316406e+00 0.000000000000000000e+00 6.002783775329589844e-04
3.106212615966796875e+00 0.000000000000000000e+00 5.948543548583984375e-04
3.116232395172119141e+00 0.000000000000000000e+00 5.984902381896972656e-04
3.126252651214599609e+00 0.000000000000000000e+00 6.182789802551269531e-04
3.136272430419921875e+00 0.000000000000000000e+00 6.312727928161621094e-04
3.146292686462402344e+00 0.000000000000000000e+00 6.466507911682128906e-04
3.156312704086303711e+00 0.000000000000000000e+00 6.599426269531250000e-04
3.166332721710205078e+00 0.000000000000000000e+00 6.679296493530273438e-04
3.176352739334106445e+00 0.000000000000000000e+00 6.649494171142578125e-04
3.186372756958007812e+00 0.000000000000000000e+00 6.818771362304687500e-04
3.196392774581909180e+00 0.000000000000000000e+00 6.784200668334960938e-04
3.206412792205810547e+00 0.000000000000000000e+00 6.808042526245117188e-04
3.216433048248291016e+00 0.000000000000000000e+00 6.598234176635742188e-04
3.226452827453613281e+00 0.000000000000000000e+00 6.813406944274902344e-04
3.236473083496093750e+00 0.000000000000000000e+00 6.844401359558105469e-04
3.246492862701416016e+00 0.000000000000000000e+00 6.991624832153320312e-04
3.256513118743896484e+00 0.000000000000000000e+00 7.165670394897460938e-04
3.266533136367797852e+00 0.000000000000000000e+00 7.103681564331054688e-04
3.276553153991699219e+00 0.000000000000000000e+00 7.237195968627929688e-04
3.286573171615600586e+00 0.000000000000000000e+00 6.932616233825683594e-04
3.296593189239501953e+00 0.000000000000000000e+00 7.275938987731933594e-04
3.306613206863403320e+00 0.000000000000000000e+00 7.175803184509277344e-04
3.316633224487304688e+00 0.000000000000000000e+00 7.140636444091796875e-04
3.326653480529785156e+00 0.000000000000000000e+00 7.010102272033691406e-04
3.336673259735107422e+00 0.000000000000000000e+00 7.316470146179199219e-04
3.346693515777587891e+00 0.000000000000000000e+00 7.604360580444335938e-04
3.356713294982910156e+00 0.000000000000000000e+00 7.082819938659667969e-04
3.366733551025390625e+00 0.000000000000000000e+00 7.241368293762207031e-04
3.376753568649291992e+00 0.000000000000000000e+00 7.385611534118652344e-04
3.386773586273193359e+00 0.000000000000000000e+00 7.562041282653808594e-04
3.396793603897094727e+00 0.000000000000000000e+00 7.299184799194335938e-04
3.406813621520996094e+00 0.000000000000000000e+00 7.233619689941406250e-04
3.416833639144897461e+00 0.000000000000000000e+00 7.202625274658203125e-04
3.426853656768798828e+00 0.000000000000000000e+00 7.352232933044433594e-04
3.436873912811279297e+00 0.000000000000000000e+00 7.566809654235839844e-04
3.446893692016601562e+00 0.000000000000000000e+00 7.494091987609863281e-04
3.456913948059082031e+00 0.000000000000000000e+00 7.457137107849121094e-04
3.466933727264404297e+00 0.000000000000000000e+00 7.324814796447753906e-04
3.476953983306884766e+00 0.000000000000000000e+00 7.242560386657714844e-04
3.486974000930786133e+00 0.000000000000000000e+00 7.409453392028808594e-04
3.496994018554687500e+00 0.000000000000000000e+00 7.317662239074707031e-04
3.507014036178588867e+00 0.000000000000000000e+00 7.022023200988769531e-04
3.517034053802490234e+00 0.000000000000000000e+00 7.115006446838378906e-04
3.527054071426391602e+00 0.000000000000000000e+00 7.463097572326660156e-04
3.537074089050292969e+00 0.000000000000000000e+00 7.317662239074707031e-04
3.547094345092773438e+00 0.000000000000000000e+00 7.238388061523437500e-04
3.557114124298095703e+00 0.000000000000000000e+00 7.125139236450195312e-04
3.567134380340576172e+00 0.000000000000000000e+00 7.185339927673339844e-04
3.577154159545898438e+00 0.000000000000000000e+00 6.920099258422851562e-04
3.587174415588378906e+00 0.000000000000000000e+00 7.167458534240722656e-04
3.597194433212280273e+00 0.000000000000000000e+00 7.076859474182128906e-04
3.607214450836181641e+00 0.000000000000000000e+00 7.028579711914062500e-04
3.617234468460083008e+00 0.000000000000000000e+00 7.083415985107421875e-04
3.627254486083984375e+00 0.000000000000000000e+00 7.041692733764648438e-04
3.637274503707885742e+00 0.000000000000000000e+00 6.918311119079589844e-04
3.647294521331787109e+00 0.000000000000000000e+00 6.806850433349609375e-04
3.657314777374267578e+00 0.000000000000000000e+00 6.941556930541992188e-04
3.667334556579589844e+00 0.000000000000000000e+00 7.027983665466308594e-04
3.677354812622070312e+00 0.000000000000000000e+00 6.736516952514648438e-04
3.687374591827392578e+00 0.000000000000000000e+00 6.814002990722656250e-04
3.697394847869873047e+00 0.000000000000000000e+00 6.870627403259277344e-04
3.707414865493774414e+00 0.000000000000000000e+00 6.757378578186035156e-04
3.717434883117675781e+00 0.000000000000000000e+00 6.621479988098144531e-04
3.727454900741577148e+00 0.000000000000000000e+00 6.567835807800292969e-04
3.737474918365478516e+00 0.000000000000000000e+00 6.552338600158691406e-04
3.747495174407958984e+00 0.000000000000000000e+00 6.590485572814941406e-04
3.757514953613281250e+00 0.000000000000000000e+00 6.487369537353515625e-04
3.767535209655761719e+00 0.000000000000000000e+00 6.353855133056640625e-04
3.777554988861083984e+00 0.000000000000000000e+00 6.344318389892578125e-04
3.787575244903564453e+00 0.000000000000000000e+00 6.420612335205078125e-04
3.797595262527465820e+00 0.000000000000000000e+00 6.312131881713867188e-04
3.807615280151367188e+00 0.000000000000000000e+00 6.288290023803710938e-04
3.817635297775268555e+00 0.000000000000000000e+00 6.211400032043457031e-04
3.827655315399169922e+00 0.000000000000000000e+00 6.327629089355468750e-04
3.837675333023071289e+00 0.000000000000000000e+00 5.877017974853515625e-04
3.847695350646972656e+00 0.000000000000000000e+00 6.092786788940429688e-04
3.857715606689453125e+00 0.000000000000000000e+00 5.810260772705078125e-04
3.867735385894775391e+00 0.000000000000000000e+00 5.810260772705078125e-04
3.877755641937255859e+00 0.000000000000000000e+00 5.860328674316406250e-04
3.887775421142578125e+00 0.000000000000000000e+00 5.841255187988281250e-04
3.897795677185058594e+00 0.000000000000000000e+00 5.583167076110839844e-04
3.907815694808959961e+00 0.000000000000000000e+00 5.549192428588867188e-04
3.917835712432861328e+00 0.000000000000000000e+00 5.254745483398437500e-04
3.927855730056762695e+00 0.000000000000000000e+00 5.390048027038574219e-04
3.937875747680664062e+00 0.000000000000000000e+00 5.092620849609375000e-04
3.947895765304565430e+00 0.000000000000000000e+00 5.168318748474121094e-04
3.957915782928466797e+00 0.000000000000000000e+00 5.279183387756347656e-04
3.967936038970947266e+00 0.000000000000000000e+00 5.092620849609375000e-04
3.977955818176269531e+00 0.000000000000000000e+00 4.882216453552246094e-04
3.987976074218750000e+00 0.000000000000000000e+00 5.025267601013183594e-04
3.997995853424072266e+00 0.000000000000000000e+00 5.077123641967773438e-04
4.008016109466552734e+00 0.000000000000000000e+00 4.690289497375488281e-04
4.018035888671875000e+00 0.000000000000000000e+00 4.743933677673339844e-04
4.028056144714355469e+00 0.000000000000000000e+00 4.479885101318359375e-04
4.038076400756835938e+00 0.000000000000000000e+00 4.588365554809570312e-04
4.048096179962158203e+00 0.000000000000000000e+00 4.224181175231933594e-04
4.058116436004638672e+00 0.000000000000000000e+00 4.221200942993164062e-04
4.068136215209960938e+00 0.000000000000000000e+00 4.245042800903320312e-04
4.078156471252441406e+00 0.000000000000000000e+00 4.106760025024414062e-04
4.088176250457763672e+00 0.000000000000000000e+00 3.876090049743652344e-04
4.098196506500244141e+00 0.000000000000000000e+00 3.646016120910644531e-04
4.108216285705566406e+00 0.000000000000000000e+00 3.761053085327148438e-04
4.118236541748046875e+00 0.000000000000000000e+00 3.759264945983886719e-04
4.128256320953369141e+00 0.000000000000000000e+00 3.316402435302734375e-04
4.138276576995849609e+00 0.000000000000000000e+00 3.599524497985839844e-04
4.148296356201171875e+00 0.000000000000000000e+00 3.478527069091796875e-04
4.158316612243652344e+00 0.000000000000000000e+00 3.135800361633300781e-04
4.168336868286132812e+00 0.000000000000000000e+00 2.878308296203613281e-04
4.178356647491455078e+00 0.000000000000000000e+00 2.915263175964355469e-04
4.188376903533935547e+00 0.000000000000000000e+00 2.887248992919921875e-04
4.198396682739257812e+00 0.000000000000000000e+00 2.714395523071289062e-04
4.208416938781738281e+00 0.000000000000000000e+00 2.814531326293945312e-04
4.218436717987060547e+00 0.000000000000000000e+00 2.225041389465332031e-04
4.228456974029541016e+00 0.000000000000000000e+00 2.530813217163085938e-04
4.238476753234863281e+00 0.000000000000000000e+00 2.164244651794433594e-04
4.248497009277343750e+00 0.000000000000000000e+00 2.169609069824218750e-04
4.258517265319824219e+00 0.000000000000000000e+00 2.002120018005371094e-04
4.268537044525146484e+00 0.000000000000000000e+00 1.742839813232421875e-04
4.278557300567626953e+00 0.000000000000000000e+00 1.775026321411132812e-04
4.288577079772949219e+00 0.000000000000000000e+00 1.509785652160644531e-04
4.298597335815429688e+00 0.000000000000000000e+00 1.299977302551269531e-04
4.308617115020751953e+00 0.000000000000000000e+00 1.353025436401367188e-04
4.318637371063232422e+00 0.000000000000000000e+00 1.174211502075195312e-04
4.328657150268554688e+00 0.000000000000000000e+00 9.077787399291992188e-05
4.338677406311035156e+00 0.000000000000000000e+00 8.183717727661132812e-05
4.348697662353515625e+00 0.000000000000000000e+00 7.522106170654296875e-05
4.358717441558837891e+00 0.000000000000000000e+00 4.303455352783203125e-05
4.368737220764160156e+00 0.000000000000000000e+00 2.121925354003906250e-05
4.378757476806640625e+00 0.000000000000000000e+00 1.502037048339843750e-05
4.388777732849121094e+00 0.000000000000000000e+00 3.814697265625000000e-06
4.398797512054443359e+00 0.000000000000000000e+00 3.826618194580078125e-05
4.408817768096923828e+00 0.000000000000000000e+00 8.368492126464843750e-05
4.418837547302246094e+00 0.000000000000000000e+00 7.247924804687500000e-05
4.428857803344726562e+00 0.000000000000000000e+00 7.009506225585937500e-05
4.438877582550048828e+00 0.000000000000000000e+00 1.175403594970703125e-04
4.448897838592529297e+00 0.000000000000000000e+00 9.787082672119140625e-05
4.458917617797851562e+00 0.000000000000000000e+00 1.666545867919921875e-04
4.468937873840332031e+00 0.000000000000000000e+00 1.683235168457031250e-04
4.478958129882812500e+00 0.000000000000000000e+00 1.844167709350585938e-04
4.488977909088134766e+00 0.000000000000000000e+00 2.053976058959960938e-04
4.498998165130615234e+00 0.000000000000000000e+00 2.562999725341796875e-04
4.509017944335937500e+00 0.000000000000000000e+00 2.661943435668945312e-04
4.519038200378417969e+00 0.000000000000000000e+00 2.727508544921875000e-04
4.529057979583740234e+00 0.000000000000000000e+00 3.093481063842773438e-04
4.539078235626220703e+00 0.000000000000000000e+00 3.299713134765625000e-04
4.549098014831542969e+00 0.000000000000000000e+00 3.298521041870117188e-04
4.559118270874023438e+00 0.000000000000000000e+00 3.789663314819335938e-04
4.569138526916503906e+00 0.000000000000000000e+00 4.020929336547851562e-04
4.579158306121826172e+00 0.000000000000000000e+00 3.938674926757812500e-04
4.589178562164306641e+00 0.000000000000000000e+00 4.143714904785156250e-04
4.599198341369628906e+00 0.000000000000000000e+00 4.779100418090820312e-04
4.609218597412109375e+00 0.000000000000000000e+00 5.081892013549804688e-04
4.619238376617431641e+00 0.000000000000000000e+00 5.465745925903320312e-04
4.629258632659912109e+00 0.000000000000000000e+00 5.648136138916015625e-04
4.639278411865234375e+00 0.000000000000000000e+00 5.902051925659179688e-04
4.649298667907714844e+00 0.000000000000000000e+00 6.263256072998046875e-04
4.659318447113037109e+00 0.000000000000000000e+00 6.344318389892578125e-04
4.669338703155517578e+00 0.000000000000000000e+00 6.667375564575195312e-04
4.679358482360839844e+00 0.000000000000000000e+00 7.121562957763671875e-04
4.689378738403320312e+00 0.000000000000000000e+00 7.396936416625976562e-04
4.699398994445800781e+00 0.000000000000000000e+00 7.605552673339843750e-04
4.709418773651123047e+00 0.000000000000000000e+00 8.035898208618164062e-04
4.719439029693603516e+00 0.000000000000000000e+00 8.671283721923828125e-04
4.729458808898925781e+00 0.000000000000000000e+00 8.947849273681640625e-04
4.739479064941406250e+00 0.000000000000000000e+00 8.705854415893554688e-04
4.749498844146728516e+00 0.000000000000000000e+00 9.291172027587890625e-04
4.759519100189208984e+00 0.000000000000000000e+00 9.744167327880859375e-04
4.769538879394531250e+00 0.000000000000000000e+00 9.903907775878906250e-04
4.779559135437011719e+00 0.000000000000000000e+00 1.026272773742675781e-03
4.789579391479492188e+00 0.000000000000000000e+00 1.083135604858398438e-03
4.799599170684814453e+00 0.000000000000000000e+00 1.114249229431152344e-03
4.809619426727294922e+00 0.000000000000000000e+00 1.137852668762207031e-03
4.819639205932617188e+00 0.000000000000000000e+00 1.173615455627441406e-03
4.829659461975097656e+00 0.000000000000000000e+00 1.244544982910156250e-03
4.839679241180419922e+00 0.000000000000000000e+00 1.262187957763671875e-03
4.849699497222900391e+00 0.000000000000000000e+00 1.327872276306152344e-03
4.859719276428222656e+00 0.000000000000000000e+00 1.353979110717773438e-03
4.869739532470703125e+00 0.000000000000000000e+00 1.379966735839843750e-03
4.879759311676025391e+00 0.000000000000000000e+00 1.432299613952636719e-03
4.889779567718505859e+00 0.000000000000000000e+00 1.499772071838378906e-03
4.899799823760986328e+00 0.000000000000000000e+00 1.500725746154785156e-03
4.909819602966308594e+00 0.000000000000000000e+00 1.575112342834472656e-03
4.919839859008789062e+00 0.000000000000000000e+00 1.622796058654785156e-03
4.929859638214111328e+00 0.000000000000000000e+00 1.684546470642089844e-03
4.939879894256591797e+00 0.000000000000000000e+00 1.726508140563964844e-03
4.949899673461914062e+00 0.000000000000000000e+00 1.766324043273925781e-03
4.959919929504394531e+00 0.000000000000000000e+00 1.798152923583984375e-03
4.969939708709716797e+00 0.000000000000000000e+00 1.873850822448730469e-03
4.979959964752197266e+00 0.000000000000000000e+00 1.937150955200195312e-03
4.989979743957519531e+00 0.000000000000000000e+00 1.971006393432617188e-03
5.000000000000000000e+00 0.000000000000000000e+00 2.026796340942382812e-03
