2.500000000000000000e+00 -5.000000000000000000e-01 1.501039019785821438e-03
2.500000000000000000e+00 -4.979960024356842041e-01 1.317268144339323044e-02
2.500000000000000000e+00 -4.959919750690460205e-01 2.486754022538661957e-02
2.500000000000000000e+00 -4.939879775047302246e-01 3.651162609457969666e-02
2.500000000000000000e+00 -4.919839799404144287e-01 4.811326414346694946e-02
2.500000000000000000e+00 -4.899799525737762451e-01 5.966990441083908081e-02
2.500000000000000000e+00 -4.879759550094604492e-01 7.117043435573577881e-02
2.500000000000000000e+00 -4.859719574451446533e-01 8.263576030731201172e-02
2.500000000000000000e+00 -4.839679300785064697e-01 9.404678642749786377e-02
2.500000000000000000e+00 -4.819639325141906738e-01 1.054101586341857910e-01
2.500000000000000000e+00 -4.799599051475524902e-01 1.167356595396995544e-01
2.500000000000000000e+00 -4.779559075832366943e-01 1.280096620321273804e-01
2.500000000000000000e+00 -4.759519100189208984e-01 1.392357796430587769e-01
2.500000000000000000e+00 -4.739478826522827148e-01 1.504151672124862671e-01
2.500000000000000000e+00 -4.719438850879669189e-01 1.615502238273620605e-01
2.500000000000000000e+00 -4.699398875236511230e-01 1.726290136575698853e-01
2.500000000000000000e+00 -4.679358601570129395e-01 1.836670339107513428e-01
2.500000000000000000e+00 -4.659318625926971436e-01 1.946619153022766113e-01
2.500000000000000000e+00 -4.639278650283813477e-01 2.056007683277130127e-01
2.500000000000000000e+00 -4.619238376617431641e-01 2.165000438690185547e-01
2.500000000000000000e+00 -4.599198400974273682e-01 2.273461669683456421e-01
2.500000000000000000e+00 -4.579158425331115723e-01 2.381503134965896606e-01
2.500000000000000000e+00 -4.559118151664733887e-01 2.489048838615417480e-01
2.500000000000000000e+00 -4.539078176021575928e-01 2.596082091331481934e-01
2.500000000000000000e+00 -4.519038200378417969e-01 2.702702581882476807e-01
2.500000000000000000e+00 -4.498997926712036133e-01 2.808827161788940430e-01
2.500000000000000000e+00 -4.478957951068878174e-01 2.914494276046752930e-01
2.500000000000000000e+00 -4.458917975425720215e-01 3.019651174545288086e-01
2.500000000000000000e+00 -4.438877701759338379e-01 3.124392926692962646e-01
2.500000000000000000e+00 -4.418837726116180420e-01 3.228631913661956787e-01
2.500000000000000000e+00 -4.398797750473022461e-01 3.332348465919494629e-01
2.500000000000000000e+00 -4.378757476806640625e-01 3.435607552528381348e-01
2.500000000000000000e+00 -4.358717501163482666e-01 3.538482785224914551e-01
2.500000000000000000e+00 -4.338677525520324707e-01 3.640747666358947754e-01
2.500000000000000000e+00 -4.318637251853942871e-01 3.742614388465881348e-01
2.500000000000000000e+00 -4.298597276210784912e-01 3.843996822834014893e-01
2.500000000000000000e+00 -4.278557002544403076e-01 3.944909870624542236e-01
2.500000000000000000e+00 -4.258517026901245117e-01 4.045331776142120361e-01
2.500000000000000000e+00 -4.238477051258087158e-01 4.145310223102569580e-01
2.500000000000000000e+00 -4.218436777591705322e-01 4.244749844074249268e-01
2.500000000000000000e+00 -4.198396801948547363e-01 4.343769848346710205e-01
2.500000000000000000e+00 -4.178356528282165527e-01 4.442298412322998047e-01
2.500000000000000000e+00 -4.158316552639007568e-01 4.540326595306396484e-01
2.500000000000000000e+00 -4.138276576995849609e-01 4.637861251831054688e-01
2.500000000000000000e+00 -4.118236303329467773e-01 4.734952449798583984e-01
2.500000000000000000e+00 -4.098196327686309814e-01 4.831569194793701172e-01
2.500000000000000000e+00 -4.078156352043151855e-01 4.927677810192108154e-01
2.500000000000000000e+00 -4.058116078376770020e-01 5.023338794708251953e-01
2.500000000000000000e+00 -4.038076102733612061e-01 5.118517875671386719e-01
2.500000000000000000e+00 -4.018036127090454102e-01 5.213224887847900391e-01
2.500000000000000000e+00 -3.997995853424072266e-01 5.307369232177734375e-01
2.500000000000000000e+00 -3.977955877780914307e-01 5.401132106781005859e-01
2.500000000000000000e+00 -3.957915902137756348e-01 5.494344234466552734e-01
2.500000000000000000e+00 -3.937875628471374512e-01 5.587120056152343750e-01
2.500000000000000000e+00 -3.917835652828216553e-01 5.679382681846618652e-01
2.500000000000000000e+00 -3.897795677185058594e-01 5.771217346191406250e-01
2.500000000000000000e+00 -3.877755403518676758e-01 5.862495899200439453e-01
2.500000000000000000e+00 -3.857715427875518799e-01 5.953371524810791016e-01
2.500000000000000000e+00 -3.837675452232360840e-01 6.043713092803955078e-01
2.500000000000000000e+00 -3.817635178565979004e-01 6.133573055267333984e-01
2.500000000000000000e+00 -3.797595202922821045e-01 6.222951412200927734e-01
2.500000000000000000e+00 -3.777555227279663086e-01 6.311845183372497559e-01
2.500000000000000000e+00 -3.757514953613281250e-01 6.400270462036132812e-01
2.500000000000000000e+00 -3.737474977970123291e-01 6.488212943077087402e-01
2.500000000000000000e+00 -3.717435002326965332e-01 6.575624942779541016e-01
2.500000000000000000e+00 -3.697394728660583496e-01 6.662580370903015137e-01
2.500000000000000000e+00 -3.677354753017425537e-01 6.749054789543151855e-01
2.500000000000000000e+00 -3.657314777374267578e-01 6.835050582885742188e-01
2.500000000000000000e+00 -3.637274503707885742e-01 6.920552253723144531e-01
2.500000000000000000e+00 -3.617234230041503906e-01 7.005550861358642578e-01
2.500000000000000000e+00 -3.597194552421569824e-01 7.090096473693847656e-01
2.500000000000000000e+00 -3.577154278755187988e-01 7.174183726310729980e-01
2.500000000000000000e+00 -3.557114005088806152e-01 7.257704734802246094e-01
2.500000000000000000e+00 -3.537074327468872070e-01 7.340793609619140625e-01
2.500000000000000000e+00 -3.517034053802490234e-01 7.423371672630310059e-01
2.500000000000000000e+00 -3.496993780136108398e-01 7.505480647087097168e-01
2.500000000000000000e+00 -3.476954102516174316e-01 7.587088942527770996e-01
2.500000000000000000e+00 -3.456913828849792480e-01 7.668232321739196777e-01
2.500000000000000000e+00 -3.436873555183410645e-01 7.748848795890808105e-01
2.500000000000000000e+00 -3.416833579540252686e-01 7.829003334045410156e-01
2.500000000000000000e+00 -3.396793603897094727e-01 7.908630371093750000e-01
2.500000000000000000e+00 -3.376753330230712891e-01 7.987833023071289062e-01
2.500000000000000000e+00 -3.356713354587554932e-01 8.066504001617431641e-01
2.500000000000000000e+00 -3.336673378944396973e-01 8.144750595092773438e-01
2.500000000000000000e+00 -3.316633105278015137e-01 8.222439289093017578e-01
2.500000000000000000e+00 -3.296593129634857178e-01 8.299646377563476562e-01
2.500000000000000000e+00 -3.276553153991699219e-01 8.376402854919433594e-01
2.500000000000000000e+00 -3.256512880325317383e-01 8.452632427215576172e-01
2.500000000000000000e+00 -3.236472904682159424e-01 8.528370261192321777e-01
2.500000000000000000e+00 -3.216432929039001465e-01 8.603636622428894043e-01
2.500000000000000000e+00 -3.196392655372619629e-01 8.678426742553710938e-01
2.500000000000000000e+00 -3.176352679729461670e-01 8.752726912498474121e-01
2.500000000000000000e+00 -3.156312704086303711e-01 8.826501369476318359e-01
2.500000000000000000e+00 -3.136272430419921875e-01 8.899809718132019043e-01
2.500000000000000000e+00 -3.116232454776763916e-01 8.972632884979248047e-01
2.500000000000000000e+00 -3.096192479133605957e-01 9.044957160949707031e-01
2.500000000000000000e+00 -3.076152205467224121e-01 9.116795063018798828e-01
2.500000000000000000e+00 -3.056112229824066162e-01 9.188165664672851562e-01
2.500000000000000000e+00 -3.036072254180908203e-01 9.259035587310791016e-01
2.500000000000000000e+00 -3.016031980514526367e-01 9.329397678375244141e-01
2.500000000000000000e+00 -2.995992004871368408e-01 9.399311542510986328e-01
2.500000000000000000e+00 -2.975952029228210449e-01 9.468698501586914062e-01
2.500000000000000000e+00 -2.955911755561828613e-01 9.537603855133056641e-01
2.500000000000000000e+00 -2.935871779918670654e-01 9.606020450592041016e-01
2.500000000000000000e+00 -2.915831804275512695e-01 9.673950672149658203e-01
2.500000000000000000e+00 -2.895791530609130859e-01 9.741380214691162109e-01
2.500000000000000000e+00 -2.875751256942749023e-01 9.808344841003417969e-01
2.500000000000000000e+00 -2.855711579322814941e-01 9.874801635742187500e-01
2.500000000000000000e+00 -2.835671305656433105e-01 9.940790534019470215e-01
2.500000000000000000e+00 -2.815631031990051270e-01 1.000624895095825195e+00
2.500000000000000000e+00 -2.795591354370117188e-01 1.007125139236450195e+00
2.500000000000000000e+00 -2.775551080703735352e-01 1.013574123382568359e+00
2.500000000000000000e+00 -2.755510807037353516e-01 1.019979715347290039e+00
2.500000000000000000e+00 -2.735471129417419434e-01 1.026332139968872070e+00
2.500000000000000000e+00 -2.715430855751037598e-01 1.032635450363159180e+00
2.500000000000000000e+00 -2.695390582084655762e-01 1.038892030715942383e+00
2.500000000000000000e+00 -2.675350606441497803e-01 1.045094013214111328e+00
2.500000000000000000e+00 -2.655310630798339844e-01 1.051256418228149414e+00
2.500000000000000000e+00 -2.635270357131958008e-01 1.057362794876098633e+00
2.500000000000000000e+00 -2.615230381488800049e-01 1.063423395156860352e+00
2.500000000000000000e+00 -2.595190405845642090e-01 1.069436073303222656e+00
2.500000000000000000e+00 -2.575150132179260254e-01 1.075398683547973633e+00
2.500000000000000000e+00 -2.555110156536102295e-01 1.081312656402587891e+00
2.500000000000000000e+00 -2.535070180892944336e-01 1.087176799774169922e+00
2.500000000000000000e+00 -2.515029907226562500e-01 1.092993497848510742e+00
2.500000000000000000e+00 -2.494989931583404541e-01 1.098763227462768555e+00
2.500000000000000000e+00 -2.474949955940246582e-01 1.104479789733886719e+00
2.500000000000000000e+00 -2.454909682273864746e-01 1.110152244567871094e+00
2.500000000000000000e+00 -2.434869706630706787e-01 1.115775346755981445e+00
2.500000000000000000e+00 -2.414829730987548828e-01 1.121347188949584961e+00
2.500000000000000000e+00 -2.394789457321166992e-01 1.126872062683105469e+00
2.500000000000000000e+00 -2.374749481678009033e-01 1.132349729537963867e+00
2.500000000000000000e+00 -2.354709506034851074e-01 1.137777566909790039e+00
2.500000000000000000e+00 -2.334669232368469238e-01 1.143156290054321289e+00
2.500000000000000000e+00 -2.314629256725311279e-01 1.148488759994506836e+00
2.500000000000000000e+00 -2.294589281082153320e-01 1.153772592544555664e+00
2.500000000000000000e+00 -2.274549007415771484e-01 1.159004449844360352e+00
2.500000000000000000e+00 -2.254509031772613525e-01 1.164190292358398438e+00
2.500000000000000000e+00 -2.234468758106231689e-01 1.169328689575195312e+00
2.500000000000000000e+00 -2.214428782463073730e-01 1.174418210983276367e+00
2.500000000000000000e+00 -2.194388806819915771e-01 1.179461240768432617e+00
2.500000000000000000e+00 -2.174348533153533936e-01 1.184449911117553711e+00
2.500000000000000000e+00 -2.154308557510375977e-01 1.189394950866699219e+00
2.500000000000000000e+00 -2.134268581867218018e-01 1.194291710853576660e+00
2.500000000000000000e+00 -2.114228308200836182e-01 1.199138402938842773e+00
2.500000000000000000e+00 -2.094188332557678223e-01 1.203939914703369141e+00
2.500000000000000000e+00 -2.074148356914520264e-01 1.208691358566284180e+00
2.500000000000000000e+00 -2.054108083248138428e-01 1.213394522666931152e+00
2.500000000000000000e+00 -2.034068107604980469e-01 1.218049407005310059e+00
2.500000000000000000e+00 -2.014028131961822510e-01 1.222654342651367188e+00
2.500000000000000000e+00 -1.993987858295440674e-01 1.227216839790344238e+00
2.500000000000000000e+00 -1.973947882652282715e-01 1.231731414794921875e+00
2.500000000000000000e+00 -1.953907907009124756e-01 1.236195087432861328e+00
2.500000000000000000e+00 -1.933867633342742920e-01 1.240609169006347656e+00
2.500000000000000000e+00 -1.913827657699584961e-01 1.244976758956909180e+00
2.500000000000000000e+00 -1.893787682056427002e-01 1.249298572540283203e+00
2.500000000000000000e+00 -1.873747408390045166e-01 1.253569602966308594e+00
2.500000000000000000e+00 -1.853707432746887207e-01 1.257796764373779297e+00
2.500000000000000000e+00 -1.833667159080505371e-01 1.261974930763244629e+00
2.500000000000000000e+00 -1.813627183437347412e-01 1.266103148460388184e+00
2.500000000000000000e+00 -1.793587207794189453e-01 1.270187497138977051e+00
2.500000000000000000e+00 -1.773546934127807617e-01 1.274220585823059082e+00
2.500000000000000000e+00 -1.753506958484649658e-01 1.278208374977111816e+00
2.500000000000000000e+00 -1.733466982841491699e-01 1.282147049903869629e+00
2.500000000000000000e+00 -1.713426709175109863e-01 1.286040425300598145e+00
2.500000000000000000e+00 -1.693386733531951904e-01 1.289883732795715332e+00
2.500000000000000000e+00 -1.673346757888793945e-01 1.293681740760803223e+00
2.500000000000000000e+00 -1.653306484222412109e-01 1.297434687614440918e+00
2.500000000000000000e+00 -1.633266508579254150e-01 1.301138281822204590e+00
2.500000000000000000e+00 -1.613226532936096191e-01 1.304793477058410645e+00
2.500000000000000000e+00 -1.593186259269714355e-01 1.308403849601745605e+00
2.500000000000000000e+00 -1.573146283626556396e-01 1.311969399452209473e+00
2.500000000000000000e+00 -1.553106307983398438e-01 1.315481305122375488e+00
2.500000000000000000e+00 -1.533066034317016602e-01 1.318950295448303223e+00
2.500000000000000000e+00 -1.513026058673858643e-01 1.322372794151306152e+00
2.500000000000000000e+00 -1.492985785007476807e-01 1.325746178627014160e+00
2.500000000000000000e+00 -1.472945809364318848e-01 1.329077124595642090e+00
2.500000000000000000e+00 -1.452905833721160889e-01 1.332357764244079590e+00
2.500000000000000000e+00 -1.432865560054779053e-01 1.335590720176696777e+00
2.500000000000000000e+00 -1.412825584411621094e-01 1.338779330253601074e+00
2.500000000000000000e+00 -1.392785608768463135e-01 1.341920495033264160e+00
2.500000000000000000e+00 -1.372745335102081299e-01 1.345013499259948730e+00
2.500000000000000000e+00 -1.352705359458923340e-01 1.348063588142395020e+00
2.500000000000000000e+00 -1.332665383815765381e-01 1.351063609123229980e+00
2.500000000000000000e+00 -1.312625110149383545e-01 1.354020476341247559e+00
2.500000000000000000e+00 -1.292585134506225586e-01 1.356929183006286621e+00
2.500000000000000000e+00 -1.272545158863067627e-01 1.359793066978454590e+00
2.500000000000000000e+00 -1.252504885196685791e-01 1.362609505653381348e+00
2.500000000000000000e+00 -1.232464909553527832e-01 1.365378141403198242e+00
2.500000000000000000e+00 -1.212424933910369873e-01 1.368105173110961914e+00
2.500000000000000000e+00 -1.192384660243988037e-01 1.370784759521484375e+00
2.500000000000000000e+00 -1.172344684600830078e-01 1.373416304588317871e+00
2.500000000000000000e+00 -1.152304410934448242e-01 1.376004934310913086e+00
2.500000000000000000e+00 -1.132264435291290283e-01 1.378544330596923828e+00
2.500000000000000000e+00 -1.112224459648132324e-01 1.381038188934326172e+00
2.500000000000000000e+00 -1.092184185981750488e-01 1.383487462997436523e+00
2.500000000000000000e+00 -1.072144210338592529e-01 1.385892391204833984e+00
2.500000000000000000e+00 -1.052104234695434570e-01 1.388250350952148438e+00
2.500000000000000000e+00 -1.032063961029052734e-01 1.390562295913696289e+00
2.500000000000000000e+00 -1.012023985385894775e-01 1.392829179763793945e+00
2.500000000000000000e+00 -9.919840097427368164e-02 1.395048379898071289e+00
2.500000000000000000e+00 -9.719437360763549805e-02 1.397225141525268555e+00
2.500000000000000000e+00 -9.519037604331970215e-02 1.399356365203857422e+00
2.500000000000000000e+00 -9.318637847900390625e-02 1.401440739631652832e+00
2.500000000000000000e+00 -9.118235111236572266e-02 1.403479099273681641e+00
2.500000000000000000e+00 -8.917835354804992676e-02 1.405476570129394531e+00
2.500000000000000000e+00 -8.717435598373413086e-02 1.407424926757812500e+00
2.500000000000000000e+00 -8.517032861709594727e-02 1.409327983856201172e+00
2.500000000000000000e+00 -8.316633105278015137e-02 1.411188125610351562e+00
2.500000000000000000e+00 -8.116233348846435547e-02 1.413000106811523438e+00
2.500000000000000000e+00 -7.915830612182617188e-02 1.414770603179931641e+00
2.500000000000000000e+00 -7.715430855751037598e-02 1.416495561599731445e+00
2.500000000000000000e+00 -7.515028119087219238e-02 1.418175697326660156e+00
2.500000000000000000e+00 -7.314628362655639648e-02 1.419807672500610352e+00
2.500000000000000000e+00 -7.114228606224060059e-02 1.421399593353271484e+00
2.500000000000000000e+00 -6.913825869560241699e-02 1.422944545745849609e+00
2.500000000000000000e+00 -6.713426113128662109e-02 1.424444437026977539e+00
2.500000000000000000e+00 -6.513026356697082520e-02 1.425899982452392578e+00
2.500000000000000000e+00 -6.312623620033264160e-02 1.427309751510620117e+00
2.500000000000000000e+00 -6.112223863601684570e-02 1.428678035736083984e+00
2.500000000000000000e+00 -5.911824107170104980e-02 1.429998636245727539e+00
2.500000000000000000e+00 -5.711421370506286621e-02 1.431276559829711914e+00
2.500000000000000000e+00 -5.511021614074707031e-02 1.432510137557983398e+00
2.500000000000000000e+00 -5.310621857643127441e-02 1.433696985244750977e+00
2.500000000000000000e+00 -5.110219120979309082e-02 1.434842109680175781e+00
2.500000000000000000e+00 -4.909819364547729492e-02 1.435944080352783203e+00
2.500000000000000000e+00 -4.709419608116149902e-02 1.436997175216674805e+00
2.500000000000000000e+00 -4.509016871452331543e-02 1.438009500503540039e+00
2.500000000000000000e+00 -4.308617115020751953e-02 1.438977241516113281e+00
2.500000000000000000e+00 -4.108214378356933594e-02 1.439899682998657227e+00
2.500000000000000000e+00 -3.907814621925354004e-02 1.440777778625488281e+00
2.500000000000000000e+00 -3.707414865493774414e-02 1.441611766815185547e+00
2.500000000000000000e+00 -3.507012128829956055e-02 1.442404985427856445e+00
2.500000000000000000e+00 -3.306612372398376465e-02 1.443149566650390625e+00
2.500000000000000000e+00 -3.106212615966796875e-02 1.443853378295898438e+00
2.500000000000000000e+00 -2.905809879302978516e-02 1.444513082504272461e+00
2.500000000000000000e+00 -2.705410122871398926e-02 1.445127248764038086e+00
2.500000000000000000e+00 -2.505010366439819336e-02 1.445698022842407227e+00
2.500000000000000000e+00 -2.304607629776000977e-02 1.446223497390747070e+00
2.500000000000000000e+00 -2.104207873344421387e-02 1.446706056594848633e+00
2.500000000000000000e+00 -1.903808116912841797e-02 1.447144985198974609e+00
2.500000000000000000e+00 -1.703405380249023438e-02 1.447540521621704102e+00
2.500000000000000000e+00 -1.503005623817443848e-02 1.447891950607299805e+00
2.500000000000000000e+00 -1.302605867385864258e-02 1.448200702667236328e+00
2.500000000000000000e+00 -1.102203130722045898e-02 1.448463320732116699e+00
2.500000000000000000e+00 -9.018033742904663086e-03 1.448682427406311035e+00
2.500000000000000000e+00 -7.014036178588867188e-03 1.448858141899108887e+00
2.500000000000000000e+00 -5.010008811950683594e-03 1.448991179466247559e+00
2.500000000000000000e+00 -3.006011247634887695e-03 1.449080348014831543e+00
2.500000000000000000e+00 -1.001983880996704102e-03 1.449124097824096680e+00
2.500000000000000000e+00 1.001983880996704102e-03 1.449126124382019043e+00
2.500000000000000000e+00 3.006011247634887695e-03 1.449084281921386719e+00
2.500000000000000000e+00 5.010008811950683594e-03 1.448994755744934082e+00
2.500000000000000000e+00 7.014036178588867188e-03 1.448864340782165527e+00
2.500000000000000000e+00 9.018033742904663086e-03 1.448690176010131836e+00
2.500000000000000000e+00 1.102203130722045898e-02 1.448473572731018066e+00
2.500000000000000000e+00 1.302605867385864258e-02 1.448211193084716797e+00
2.500000000000000000e+00 1.503005623817443848e-02 1.447906017303466797e+00
2.500000000000000000e+00 1.703405380249023438e-02 1.447555899620056152e+00
2.500000000000000000e+00 1.903808116912841797e-02 1.447162270545959473e+00
2.500000000000000000e+00 2.104207873344421387e-02 1.446727037429809570e+00
2.500000000000000000e+00 2.304607629776000977e-02 1.446244835853576660e+00
2.500000000000000000e+00 2.505010366439819336e-02 1.445721030235290527e+00
2.500000000000000000e+00 2.705410122871398926e-02 1.445154428482055664e+00
2.500000000000000000e+00 2.905809879302978516e-02 1.444540739059448242e+00
2.500000000000000000e+00 3.106212615966796875e-02 1.443885445594787598e+00
2.500000000000000000e+00 3.306612372398376465e-02 1.443186163902282715e+00
2.500000000000000000e+00 3.507012128829956055e-02 1.442442774772644043e+00
2.500000000000000000e+00 3.707414865493774414e-02 1.441653728485107422e+00
2.500000000000000000e+00 3.907814621925354004e-02 1.440822362899780273e+00
2.500000000000000000e+00 4.108214378356933594e-02 1.439946413040161133e+00
2.500000000000000000e+00 4.308617115020751953e-02 1.439026594161987305e+00
2.500000000000000000e+00 4.509016871452331543e-02 1.438064098358154297e+00
2.500000000000000000e+00 4.709419608116149902e-02 1.437056899070739746e+00
2.500000000000000000e+00 4.909819364547729492e-02 1.436004638671875000e+00
2.500000000000000000e+00 5.110219120979309082e-02 1.434910297393798828e+00
2.500000000000000000e+00 5.310621857643127441e-02 1.433772087097167969e+00
2.500000000000000000e+00 5.511021614074707031e-02 1.432586431503295898e+00
2.500000000000000000e+00 5.711421370506286621e-02 1.431358575820922852e+00
2.500000000000000000e+00 5.911824107170104980e-02 1.430085659027099609e+00
2.500000000000000000e+00 6.112223863601684570e-02 1.428770065307617188e+00
2.500000000000000000e+00 6.312623620033264160e-02 1.427408456802368164e+00
2.500000000000000000e+00 6.513026356697082520e-02 1.426003694534301758e+00
2.500000000000000000e+00 6.713426113128662109e-02 1.424554586410522461e+00
2.500000000000000000e+00 6.913825869560241699e-02 1.423059701919555664e+00
2.500000000000000000e+00 7.114228606224060059e-02 1.421521902084350586e+00
2.500000000000000000e+00 7.314628362655639648e-02 1.419940114021301270e+00
2.500000000000000000e+00 7.515028119087219238e-02 1.418312430381774902e+00
2.500000000000000000e+00 7.715430855751037598e-02 1.416642308235168457e+00
2.500000000000000000e+00 7.915830612182617188e-02 1.414924979209899902e+00
2.500000000000000000e+00 8.116233348846435547e-02 1.413163065910339355e+00
2.500000000000000000e+00 8.316633105278015137e-02 1.411357283592224121e+00
2.500000000000000000e+00 8.517032861709594727e-02 1.409507393836975098e+00
2.500000000000000000e+00 8.717435598373413086e-02 1.407610774040222168e+00
2.500000000000000000e+00 8.917835354804992676e-02 1.405670762062072754e+00
2.500000000000000000e+00 9.118235111236572266e-02 1.403684020042419434e+00
2.500000000000000000e+00 9.318637847900390625e-02 1.401656270027160645e+00
2.500000000000000000e+00 9.519037604331970215e-02 1.399582028388977051e+00
2.500000000000000000e+00 9.719437360763549805e-02 1.397462487220764160e+00
2.500000000000000000e+00 9.919840097427368164e-02 1.395294785499572754e+00
2.500000000000000000e+00 1.012023985385894775e-01 1.393085122108459473e+00
2.500000000000000000e+00 1.032063961029052734e-01 1.390829920768737793e+00
2.500000000000000000e+00 1.052104234695434570e-01 1.388527989387512207e+00
2.500000000000000000e+00 1.072144210338592529e-01 1.386182188987731934e+00
2.500000000000000000e+00 1.092184185981750488e-01 1.383789539337158203e+00
2.500000000000000000e+00 1.112224459648132324e-01 1.381351828575134277e+00
2.500000000000000000e+00 1.132264435291290283e-01 1.378870964050292969e+00
2.500000000000000000e+00 1.152304410934448242e-01 1.376341342926025391e+00
2.500000000000000000e+00 1.172344684600830078e-01 1.373768806457519531e+00
2.500000000000000000e+00 1.192384660243988037e-01 1.371147871017456055e+00
2.500000000000000000e+00 1.212424933910369873e-01 1.368484497070312500e+00
2.500000000000000000e+00 1.232464909553527832e-01 1.365773677825927734e+00
2.500000000000000000e+00 1.252504885196685791e-01 1.363014698028564453e+00
2.500000000000000000e+00 1.272545158863067627e-01 1.360212802886962891e+00
2.500000000000000000e+00 1.292585134506225586e-01 1.357363700866699219e+00
2.500000000000000000e+00 1.312625110149383545e-01 1.354467153549194336e+00
2.500000000000000000e+00 1.332665383815765381e-01 1.351525783538818359e+00
2.500000000000000000e+00 1.352705359458923340e-01 1.348538160324096680e+00
2.500000000000000000e+00 1.372745335102081299e-01 1.345505237579345703e+00
2.500000000000000000e+00 1.392785608768463135e-01 1.342426061630249023e+00
2.500000000000000000e+00 1.412825584411621094e-01 1.339298963546752930e+00
2.500000000000000000e+00 1.432865560054779053e-01 1.336127281188964844e+00
2.500000000000000000e+00 1.452905833721160889e-01 1.332908868789672852e+00
2.500000000000000000e+00 1.472945809364318848e-01 1.329642057418823242e+00
2.500000000000000000e+00 1.492985785007476807e-01 1.326329946517944336e+00
2.500000000000000000e+00 1.513026058673858643e-01 1.322970628738403320e+00
2.500000000000000000e+00 1.533066034317016602e-01 1.319564819335937500e+00
2.500000000000000000e+00 1.553106307983398438e-01 1.316112995147705078e+00
2.500000000000000000e+00 1.573146283626556396e-01 1.312612056732177734e+00
2.500000000000000000e+00 1.593186259269714355e-01 1.309065341949462891e+00
2.500000000000000000e+00 1.613226532936096191e-01 1.305472850799560547e+00
2.500000000000000000e+00 1.633266508579254150e-01 1.301835060119628906e+00
2.500000000000000000e+00 1.653306484222412109e-01 1.298146009445190430e+00
2.500000000000000000e+00 1.673346757888793945e-01 1.294411420822143555e+00
2.500000000000000000e+00 1.693386733531951904e-01 1.290629625320434570e+00
2.500000000000000000e+00 1.713426709175109863e-01 1.286800861358642578e+00
2.500000000000000000e+00 1.733466982841491699e-01 1.282926082611083984e+00
2.500000000000000000e+00 1.753506958484649658e-01 1.279001712799072266e+00
2.500000000000000000e+00 1.773546934127807617e-01 1.275030851364135742e+00
2.500000000000000000e+00 1.793587207794189453e-01 1.271013736724853516e+00
2.500000000000000000e+00 1.813627183437347412e-01 1.266947746276855469e+00
2.500000000000000000e+00 1.833667159080505371e-01 1.262833118438720703e+00
2.500000000000000000e+00 1.853707432746887207e-01 1.258671998977661133e+00
2.500000000000000000e+00 1.873747408390045166e-01 1.254463434219360352e+00
2.500000000000000000e+00 1.893787682056427002e-01 1.250207424163818359e+00
2.500000000000000000e+00 1.913827657699584961e-01 1.245902776718139648e+00
2.500000000000000000e+00 1.933867633342742920e-01 1.241548776626586914e+00
2.500000000000000000e+00 1.953907907009124756e-01 1.237149953842163086e+00
2.500000000000000000e+00 1.973947882652282715e-01 1.232702255249023438e+00
2.500000000000000000e+00 1.993987858295440674e-01 1.228204727172851562e+00
2.500000000000000000e+00 2.014028131961822510e-01 1.223662137985229492e+00
2.500000000000000000e+00 2.034068107604980469e-01 1.219068288803100586e+00
2.500000000000000000e+00 2.054108083248138428e-01 1.214429616928100586e+00
2.500000000000000000e+00 2.074148356914520264e-01 1.209740400314331055e+00
2.500000000000000000e+00 2.094188332557678223e-01 1.205004692077636719e+00
2.500000000000000000e+00 2.114228308200836182e-01 1.200219869613647461e+00
2.500000000000000000e+00 2.134268581867218018e-01 1.195386171340942383e+00
2.500000000000000000e+00 2.154308557510375977e-01 1.190505743026733398e+00
2.500000000000000000e+00 2.174348533153533936e-01 1.185575485229492188e+00
2.500000000000000000e+00 2.194388806819915771e-01 1.180596590042114258e+00
2.500000000000000000e+00 2.214428782463073730e-01 1.175570964813232422e+00
2.500000000000000000e+00 2.234468758106231689e-01 1.170493841171264648e+00
2.500000000000000000e+00 2.254509031772613525e-01 1.165371656417846680e+00
2.500000000000000000e+00 2.274549007415771484e-01 1.160198688507080078e+00
2.500000000000000000e+00 2.294589281082153320e-01 1.154977560043334961e+00
2.500000000000000000e+00 2.314629256725311279e-01 1.149706602096557617e+00
2.500000000000000000e+00 2.334669232368469238e-01 1.144390225410461426e+00
2.500000000000000000e+00 2.354709506034851074e-01 1.139021277427673340e+00
2.500000000000000000e+00 2.374749481678009033e-01 1.133607268333435059e+00
2.500000000000000000e+00 2.394789457321166992e-01 1.128141880035400391e+00
2.500000000000000000e+00 2.414829730987548828e-01 1.122628450393676758e+00
2.500000000000000000e+00 2.434869706630706787e-01 1.117066979408264160e+00
2.500000000000000000e+00 2.454909682273864746e-01 1.111455321311950684e+00
2.500000000000000000e+00 2.474949955940246582e-01 1.105795502662658691e+00
2.500000000000000000e+00 2.494989931583404541e-01 1.100086092948913574e+00
2.500000000000000000e+00 2.515029907226562500e-01 1.094329953193664551e+00
2.500000000000000000e+00 2.535070180892944336e-01 1.088522076606750488e+00
2.500000000000000000e+00 2.555110156536102295e-01 1.082667946815490723e+00
2.500000000000000000e+00 2.575150132179260254e-01 1.076762557029724121e+00
2.500000000000000000e+00 2.595190405845642090e-01 1.070809721946716309e+00
2.500000000000000000e+00 2.615230381488800049e-01 1.064807534217834473e+00
2.500000000000000000e+00 2.635270357131958008e-01 1.058754324913024902e+00
2.500000000000000000e+00 2.655310630798339844e-01 1.052652955055236816e+00
2.500000000000000000e+00 2.675350606441497803e-01 1.046504139900207520e+00
2.500000000000000000e+00 2.695390582084655762e-01 1.040306329727172852e+00
2.500000000000000000e+00 2.715430855751037598e-01 1.034058094024658203e+00
2.500000000000000000e+00 2.735471129417419434e-01 1.027760863304138184e+00
2.500000000000000000e+00 2.755510807037353516e-01 1.021413922309875488e+00
2.500000000000000000e+00 2.775551080703735352e-01 1.015018701553344727e+00
2.500000000000000000e+00 2.795591354370117188e-01 1.008574604988098145e+00
2.500000000000000000e+00 2.815631031990051270e-01 1.002080202102661133e+00
2.500000000000000000e+00 2.835671305656433105e-01 9.955390095710754395e-01
2.500000000000000000e+00 2.855711579322814941e-01 9.889433979988098145e-01
2.500000000000000000e+00 2.875751256942749023e-01 9.823045730590820312e-01
2.500000000000000000e+00 2.895791530609130859e-01 9.756121635437011719e-01
2.500000000000000000e+00 2.915831804275512695e-01 9.688742160797119141e-01
2.500000000000000000e+00 2.935871779918670654e-01 9.620869159698486328e-01
2.500000000000000000e+00 2.955911755561828613e-01 9.552485942840576172e-01
2.500000000000000000e+00 2.975952029228210449e-01 9.483592510223388672e-01
2.500000000000000000e+00 2.995992004871368408e-01 9.414236545562744141e-01
2.500000000000000000e+00 3.016031980514526367e-01 9.344370365142822266e-01
2.500000000000000000e+00 3.036072254180908203e-01 9.274021983146667480e-01
2.500000000000000000e+00 3.056112229824066162e-01 9.203192591667175293e-01
2.500000000000000000e+00 3.076152205467224121e-01 9.131869673728942871e-01
2.500000000000000000e+00 3.096192479133605957e-01 9.060034155845642090e-01
2.500000000000000000e+00 3.116232454776763916e-01 8.987709879875183105e-01
2.500000000000000000e+00 3.136272430419921875e-01 8.914899230003356934e-01
2.500000000000000000e+00 3.156312704086303711e-01 8.841599822044372559e-01
2.500000000000000000e+00 3.176352679729461670e-01 8.767814040184020996e-01
2.500000000000000000e+00 3.196392655372619629e-01 8.693534731864929199e-01
2.500000000000000000e+00 3.216432929039001465e-01 8.618756532669067383e-01
2.500000000000000000e+00 3.236472904682159424e-01 8.543487787246704102e-01
2.500000000000000000e+00 3.256512880325317383e-01 8.467727899551391602e-01
2.500000000000000000e+00 3.276553153991699219e-01 8.391476869583129883e-01
2.500000000000000000e+00 3.296593129634857178e-01 8.314732313156127930e-01
2.500000000000000000e+00 3.316633105278015137e-01 8.237494230270385742e-01
2.500000000000000000e+00 3.336673378944396973e-01 8.159788846969604492e-01
2.500000000000000000e+00 3.356713354587554932e-01 8.081556558609008789e-01
2.500000000000000000e+00 3.376753330230712891e-01 8.002868890762329102e-01
2.500000000000000000e+00 3.396793603897094727e-01 7.923682928085327148e-01
2.500000000000000000e+00 3.416833579540252686e-01 7.843984365463256836e-01
2.500000000000000000e+00 3.436873555183410645e-01 7.763801813125610352e-01
2.500000000000000000e+00 3.456913828849792480e-01 7.683137059211730957e-01
2.500000000000000000e+00 3.476954102516174316e-01 7.601981759071350098e-01
2.500000000000000000e+00 3.496993780136108398e-01 7.520328164100646973e-01
2.500000000000000000e+00 3.517034053802490234e-01 7.438176274299621582e-01
2.500000000000000000e+00 3.537074327468872070e-01 7.355555295944213867e-01
2.500000000000000000e+00 3.557114005088806152e-01 7.272439599037170410e-01
2.500000000000000000e+00 3.577154278755187988e-01 7.188833951950073242e-01
2.500000000000000000e+00 3.597194552421569824e-01 7.104726433753967285e-01
2.500000000000000000e+00 3.617234230041503906e-01 7.020147442817687988e-01
2.500000000000000000e+00 3.637274503707885742e-01 6.935072541236877441e-01
2.500000000000000000e+00 3.657314777374267578e-01 6.849501729011535645e-01
2.500000000000000000e+00 3.677354753017425537e-01 6.763439774513244629e-01
2.500000000000000000e+00 3.697394728660583496e-01 6.676912903785705566e-01
2.500000000000000000e+00 3.717435002326965332e-01 6.589875817298889160e-01
2.500000000000000000e+00 3.737474977970123291e-01 6.502342820167541504e-01
2.500000000000000000e+00 3.757514953613281250e-01 6.414361596107482910e-01
2.500000000000000000e+00 3.777555227279663086e-01 6.325848698616027832e-01
2.500000000000000000e+00 3.797595202922821045e-01 6.236863136291503906e-01
2.500000000000000000e+00 3.817635178565979004e-01 6.147394776344299316e-01
2.500000000000000000e+00 3.837675452232360840e-01 6.057436466217041016e-01
2.500000000000000000e+00 3.857715427875518799e-01 5.966975688934326172e-01
2.500000000000000000e+00 3.877755403518676758e-01 5.876072049140930176e-01
2.500000000000000000e+00 3.897795677185058594e-01 5.784630775451660156e-01
2.500000000000000000e+00 3.917835652828216553e-01 5.692706108093261719e-01
2.500000000000000000e+00 3.937875628471374512e-01 5.600302815437316895e-01
2.500000000000000000e+00 3.957915902137756348e-01 5.507410168647766113e-01
2.500000000000000000e+00 3.977955877780914307e-01 5.414047241210937500e-01
2.500000000000000000e+00 3.997995853424072266e-01 5.320208072662353516e-01
2.500000000000000000e+00 4.018036127090454102e-01 5.225846767425537109e-01
2.500000000000000000e+00 4.038076102733612061e-01 5.131034851074218750e-01
2.500000000000000000e+00 4.058116078376770020e-01 5.035703182220458984e-01
2.500000000000000000e+00 4.078156352043151855e-01 4.939908981323242188e-01
2.500000000000000000e+00 4.098196327686309814e-01 4.843616485595703125e-01
2.500000000000000000e+00 4.118236303329467773e-01 4.746832847595214844e-01
2.500000000000000000e+00 4.138276576995849609e-01 4.649569988250732422e-01
2.500000000000000000e+00 4.158316552639007568e-01 4.551835060119628906e-01
2.500000000000000000e+00 4.178356528282165527e-01 4.453599452972412109e-01
2.500000000000000000e+00 4.198396801948547363e-01 4.354877471923828125e-01
2.500000000000000000e+00 4.218436777591705322e-01 4.255666732788085938e-01
2.500000000000000000e+00 4.238477051258087158e-01 4.155983924865722656e-01
2.500000000000000000e+00 4.258517026901245117e-01 4.055824279785156250e-01
2.500000000000000000e+00 4.278557002544403076e-01 3.955163955688476562e-01
2.500000000000000000e+00 4.298597276210784912e-01 3.854029178619384766e-01
2.500000000000000000e+00 4.318637251853942871e-01 3.752410411834716797e-01
2.500000000000000000e+00 4.338677525520324707e-01 3.650283813476562500e-01
2.500000000000000000e+00 4.358717501163482666e-01 3.547677993774414062e-01
2.500000000000000000e+00 4.378757476806640625e-01 3.444557189941406250e-01
2.500000000000000000e+00 4.398797750473022461e-01 3.341021537780761719e-01
2.500000000000000000e+00 4.418837726116180420e-01 3.236985206604003906e-01
2.500000000000000000e+00 4.438877701759338379e-01 3.132443428039550781e-01
2.500000000000000000e+00 4.458917975425720215e-01 3.027403354644775391e-01
2.500000000000000000e+00 4.478957951068878174e-01 2.921915054321289062e-01
2.500000000000000000e+00 4.498997926712036133e-01 2.815909385681152344e-01
2.500000000000000000e+00 4.519038200378417969e-01 2.709429264068603516e-01
2.500000000000000000e+00 4.539078176021575928e-01 2.602472305297851562e-01
2.500000000000000000e+00 4.559118151664733887e-01 2.495026588439941406e-01
2.500000000000000000e+00 4.579158425331115723e-01 2.387096881866455078e-01
2.500000000000000000e+00 4.599198400974273682e-01 2.278695106506347656e-01
2.500000000000000000e+00 4.619238376617431641e-01 2.169785499572753906e-01
2.500000000000000000e+00 4.639278650283813477e-01 2.060392051935195923e-01
2.500000000000000000e+00 4.659318625926971436e-01 1.950521618127822876e-01
2.500000000000000000e+00 4.679358601570129395e-01 1.840155273675918579e-01
2.500000000000000000e+00 4.699398875236511230e-01 1.729338318109512329e-01
2.500000000000000000e+00 4.719438850879669189e-01 1.617992073297500610e-01
2.500000000000000000e+00 4.739478826522827148e-01 1.506197601556777954e-01
2.500000000000000000e+00 4.759519100189208984e-01 1.393873840570449829e-01
2.500000000000000000e+00 4.779559075832366943e-01 1.281089931726455688e-01
2.500000000000000000e+00 4.799599051475524902e-01 1.167826876044273376e-01
2.500000000000000000e+00 4.819639325141906738e-01 1.054060682654380798e-01
2.500000000000000000e+00 4.839679300785064697e-01 9.398391097784042358e-02
2.500000000000000000e+00 4.859719574451446533e-01 8.251240849494934082e-02
2.500000000000000000e+00 4.879759550094604492e-01 7.099059969186782837e-02
2.500000000000000000e+00 4.899799525737762451e-01 5.941801145672798157e-02
2.500000000000000000e+00 4.919839799404144287e-01 4.779893532395362854e-02
2.500000000000000000e+00 4.939879775047302246e-01 3.613265976309776306e-02
2.500000000000000000e+00 4.959919750690460205e-01 2.441586554050445557e-02
2.500000000000000000e+00 4.979960024356842041e-01 1.265052240341901779e-02
2.500000000000000000e+00 5.000000000000000000e-01 8.405962144024670124e-04
