1.100000023841857910e+00 0.000000000000000000e+00 -5.693972110748291016e-03
1.100000023841857910e+00 4.141414072364568710e-03 3.484714031219482422e-02
1.100000023841857910e+00 8.282828144729137421e-03 7.454383373260498047e-02
1.100000023841857910e+00 1.242424175143241882e-02 1.133944392204284668e-01
1.100000023841857910e+00 1.656565628945827484e-02 1.513975262641906738e-01
1.100000023841857910e+00 2.070707082748413086e-02 1.885529756546020508e-01
1.100000023841857910e+00 2.484848350286483765e-02 2.248615026473999023e-01
1.100000023841857910e+00 2.898989804089069366e-02 2.603213191032409668e-01
1.100000023841857910e+00 3.313131257891654968e-02 2.949355244636535645e-01
1.100000023841857910e+00 3.727272525429725647e-02 3.287042975425720215e-01
1.100000023841857910e+00 4.141414165496826172e-02 3.616264462471008301e-01
1.100000023841857910e+00 4.555555433034896851e-02 3.937039971351623535e-01
1.100000023841857910e+00 4.969696700572967529e-02 4.249400496482849121e-01
1.100000023841857910e+00 5.383838340640068054e-02 4.553331732749938965e-01
1.100000023841857910e+00 5.797979608178138733e-02 4.848840832710266113e-01
1.100000023841857910e+00 6.212121248245239258e-02 5.135981440544128418e-01
1.100000023841857910e+00 6.626262515783309937e-02 5.414714217185974121e-01
1.100000023841857910e+00 7.040403783321380615e-02 5.685091614723205566e-01
1.100000023841857910e+00 7.454545050859451294e-02 5.947108864784240723e-01
1.100000023841857910e+00 7.868687063455581665e-02 6.200788617134094238e-01
1.100000023841857910e+00 8.282828330993652344e-02 6.446129679679870605e-01
1.100000023841857910e+00 8.696969598531723022e-02 6.683160662651062012e-01
1.100000023841857910e+00 9.111110866069793701e-02 6.911894679069519043e-01
1.100000023841857910e+00 9.525252133607864380e-02 7.132332921028137207e-01
1.100000023841857910e+00 9.939393401145935059e-02 7.344495654106140137e-01
1.100000023841857910e+00 1.035353541374206543e-01 7.548387646675109863e-01
1.100000023841857910e+00 1.076767668128013611e-01 7.744020819664001465e-01
1.100000023841857910e+00 1.118181794881820679e-01 7.931422591209411621e-01
1.100000023841857910e+00 1.159595921635627747e-01 8.110572695732116699e-01
1.100000023841857910e+00 1.201010048389434814e-01 8.281514048576354980e-01
1.100000023841857910e+00 1.242424249649047852e-01 8.444237112998962402e-01
1.100000023841857910e+00 1.283838301897048950e-01 8.598750233650207520e-01
1.100000023841857910e+00 1.325252503156661987e-01 8.745071291923522949e-01
1.100000023841857910e+00 1.366666704416275024e-01 8.883208632469177246e-01
1.100000023841857910e+00 1.408080756664276123e-01 9.013163447380065918e-01
1.100000023841857910e+00 1.449494957923889160e-01 9.134945273399353027e-01
1.100000023841857910e+00 1.490909010171890259e-01 9.248566031455993652e-01
1.100000023841857910e+00 1.532323211431503296e-01 9.354035258293151855e-01
1.100000023841857910e+00 1.573737412691116333e-01 9.451342225074768066e-01
1.100000023841857910e+00 1.615151464939117432e-01 9.540514349937438965e-01
1.100000023841857910e+00 1.656565666198730469e-01 9.621545672416687012e-01
1.100000023841857910e+00 1.697979718446731567e-01 9.694446921348571777e-01
1.100000023841857910e+00 1.739393919706344604e-01 9.759214520454406738e-01
1.100000023841857910e+00 1.780808120965957642e-01 9.815865159034729004e-01
1.100000023841857910e+00 1.822222173213958740e-01 9.864385724067687988e-01
1.100000023841857910e+00 1.863636374473571777e-01 9.904795289039611816e-01
1.100000023841857910e+00 1.905050426721572876e-01 9.937087893486022949e-01
1.100000023841857910e+00 1.946464627981185913e-01 9.961281418800354004e-01
1.100000023841857910e+00 1.987878680229187012e-01 9.977343678474426270e-01
1.100000023841857910e+00 2.029292881488800049e-01 9.985299706459045410e-01
1.100000023841857910e+00 2.070707082748413086e-01 9.985157847404479980e-01
1.100000023841857910e+00 2.112121284008026123e-01 9.976904988288879395e-01
1.100000023841857910e+00 2.153535336256027222e-01 9.960532784461975098e-01
1.100000023841857910e+00 2.194949537515640259e-01 9.936062693595886230e-01
1.100000023841857910e+00 2.236363589763641357e-01 9.903474450111389160e-01
1.100000023841857910e+00 2.277777791023254395e-01 9.862762093544006348e-01
1.100000023841857910e+00 2.319191843271255493e-01 9.813926815986633301e-01
1.100000023841857910e+00 2.360606044530868530e-01 9.756981730461120605e-01
1.100000023841857910e+00 2.402020245790481567e-01 9.691900610923767090e-01
1.100000023841857910e+00 2.443434298038482666e-01 9.618690609931945801e-01
1.100000023841857910e+00 2.484848499298095703e-01 9.537339806556701660e-01
1.100000023841857910e+00 2.526262402534484863e-01 9.447843432426452637e-01
1.100000023841857910e+00 2.567676901817321777e-01 9.350199103355407715e-01
1.100000023841857910e+00 2.609090805053710938e-01 9.244399666786193848e-01
1.100000023841857910e+00 2.650505006313323975e-01 9.130447506904602051e-01
1.100000023841857910e+00 2.691919207572937012e-01 9.008302092552185059e-01
1.100000023841857910e+00 2.733333110809326172e-01 8.877992033958435059e-01
1.100000023841857910e+00 2.774747610092163086e-01 8.739494681358337402e-01
1.100000023841857910e+00 2.816161513328552246e-01 8.592795729637145996e-01
1.100000023841857910e+00 2.857575714588165283e-01 8.437905907630920410e-01
1.100000023841857910e+00 2.898989915847778320e-01 8.274802565574645996e-01
1.100000023841857910e+00 2.940404117107391357e-01 8.103476166725158691e-01
1.100000023841857910e+00 2.981818318367004395e-01 7.923924326896667480e-01
1.100000023841857910e+00 3.023232221603393555e-01 7.736154198646545410e-01
1.100000023841857910e+00 3.064646422863006592e-01 7.540139555931091309e-01
1.100000023841857910e+00 3.106060624122619629e-01 7.335869669914245605e-01
1.100000023841857910e+00 3.147474825382232666e-01 7.123356461524963379e-01
1.100000023841857910e+00 3.188889026641845703e-01 6.902582049369812012e-01
1.100000023841857910e+00 3.230302929878234863e-01 6.673554778099060059e-01
1.100000023841857910e+00 3.271717131137847900e-01 6.436246037483215332e-01
1.100000023841857910e+00 3.313131332397460938e-01 6.190661787986755371e-01
1.100000023841857910e+00 3.354545533657073975e-01 5.936810374259948730e-01
1.100000023841857910e+00 3.395959734916687012e-01 5.674673914909362793e-01
1.100000023841857910e+00 3.437373638153076172e-01 5.404257178306579590e-01
1.100000023841857910e+00 3.478787839412689209e-01 5.125550627708435059e-01
1.100000023841857910e+00 3.520202040672302246e-01 4.838550686836242676e-01
1.100000023841857910e+00 3.561616241931915283e-01 4.543277621269226074e-01
1.100000023841857910e+00 3.603030443191528320e-01 4.239715933799743652e-01
1.100000023841857910e+00 3.644444346427917480e-01 3.927869200706481934e-01
1.100000023841857910e+00 3.685858547687530518e-01 3.607754111289978027e-01
1.100000023841857910e+00 3.727272748947143555e-01 3.279363512992858887e-01
1.100000023841857910e+00 3.768686950206756592e-01 2.942699790000915527e-01
1.100000023841857910e+00 3.810100853443145752e-01 2.597785592079162598e-01
1.100000023841857910e+00 3.851515054702758789e-01 2.244619727134704590e-01
1.100000023841857910e+00 3.892929255962371826e-01 1.883216500282287598e-01
1.100000023841857910e+00 3.934343457221984863e-01 1.513584256172180176e-01
1.100000023841857910e+00 3.975757658481597900e-01 1.135750412940979004e-01
1.100000023841857910e+00 4.017171561717987061e-01 7.497370243072509766e-02
1.100000023841857910e+00 4.058585762977600098e-01 3.555470705032348633e-02
1.100000023841857910e+00 4.099999964237213135e-01 -4.677593708038330078e-03
